1.000000 0.000000 0.000000 0.000000 0.000000 1.000000 0.000000 0.000000 0.000000 0.000000 1.000000 0.000000
1.000000 -0.000476 0.000000 0.005434 0.000476 1.000000 0.000000 0.005872 0.000000 0.000000 1.000000 0.000000
1.000000 -0.000612 0.000000 0.000539 0.000612 1.000000 0.000000 -0.016366 0.000000 0.000000 1.000000 0.000000
1.000000 -0.000569 0.000000 0.001184 0.000569 1.000000 0.000000 -0.014824 0.000000 0.000000 1.000000 0.000000
1.000000 -0.000682 0.000000 0.002656 0.000682 1.000000 0.000000 -0.014454 0.000000 0.000000 1.000000 0.000000
1.000000 -0.000415 0.000000 0.004516 0.000415 1.000000 0.000000 -0.012914 0.000000 0.000000 1.000000 0.000000
1.000000 -0.000263 0.000000 0.006901 0.000263 1.000000 0.000000 -0.009194 0.000000 0.000000 1.000000 0.000000
1.000000 -0.000206 0.000000 0.013747 0.000206 1.000000 0.000000 -0.013198 0.000000 0.000000 1.000000 0.000000
1.000000 -0.000940 0.000000 0.016824 0.000940 1.000000 0.000000 -0.007549 0.000000 0.000000 1.000000 0.000000
0.999999 -0.001046 0.000000 0.022841 0.001046 0.999999 0.000000 -0.013417 0.000000 0.000000 1.000000 0.000000
0.999999 -0.001704 0.000000 0.031669 0.001704 0.999999 0.000000 -0.010035 0.000000 0.000000 1.000000 0.000000
0.999999 -0.001178 0.000000 0.025852 0.001178 0.999999 0.000000 -0.016529 0.000000 0.000000 1.000000 0.000000
0.999999 -0.001225 0.000000 0.025584 0.001225 0.999999 0.000000 -0.017934 0.000000 0.000000 1.000000 0.000000
0.999999 -0.001426 0.000000 0.030350 0.001426 0.999999 0.000000 -0.018526 0.000000 0.000000 1.000000 0.000000
0.999999 -0.001154 0.000000 0.024722 0.001154 0.999999 0.000000 -0.024518 0.000000 0.000000 1.000000 0.000000
0.999999 -0.001090 0.000000 0.026300 0.001090 0.999999 0.000000 -0.011830 0.000000 0.000000 1.000000 0.000000
1.000000 -0.000413 0.000000 0.024288 0.000413 1.000000 0.000000 -0.016340 0.000000 0.000000 1.000000 0.000000
1.000000 -0.000649 0.000000 0.021873 0.000649 1.000000 0.000000 -0.012426 0.000000 0.000000 1.000000 0.000000
1.000000 -0.000696 0.000000 0.024190 0.000696 1.000000 0.000000 -0.012543 0.000000 0.000000 1.000000 0.000000
1.000000 -0.000849 0.000000 0.036924 0.000849 1.000000 0.000000 -0.018866 0.000000 0.000000 1.000000 0.000000
0.999999 -0.001007 0.000000 0.028466 0.001007 0.999999 0.000000 -0.025619 0.000000 0.000000 1.000000 0.000000
0.999999 -0.001011 0.000000 0.034023 0.001011 0.999999 0.000000 -0.027409 0.000000 0.000000 1.000000 0.000000
0.999999 -0.001303 0.000000 0.035613 0.001303 0.999999 0.000000 -0.030285 0.000000 0.000000 1.000000 0.000000
0.999999 -0.001083 0.000000 0.031749 0.001083 0.999999 0.000000 -0.029848 0.000000 0.000000 1.000000 0.000000
0.999999 -0.001429 0.000000 0.035223 0.001429 0.999999 0.000000 -0.016398 0.000000 0.000000 1.000000 0.000000
0.999999 -0.001423 0.000000 0.035896 0.001423 0.999999 0.000000 -0.026437 0.000000 0.000000 1.000000 0.000000
0.999998 -0.001878 0.000000 0.034378 0.001878 0.999998 0.000000 -0.019416 0.000000 0.000000 1.000000 0.000000
0.999998 -0.001753 0.000000 0.040892 0.001753 0.999998 0.000000 -0.025441 0.000000 0.000000 1.000000 0.000000
0.999998 -0.001946 0.000000 0.047092 0.001946 0.999998 0.000000 -0.025806 0.000000 0.000000 1.000000 0.000000
0.999998 -0.001998 0.000000 0.047994 0.001998 0.999998 0.000000 -0.027028 0.000000 0.000000 1.000000 0.000000
0.999998 -0.002022 0.000000 0.051498 0.002022 0.999998 0.000000 -0.033032 0.000000 0.000000 1.000000 0.000000
0.999997 -0.002495 0.000000 0.053659 0.002495 0.999997 0.000000 -0.031603 0.000000 0.000000 1.000000 0.000000
0.999997 -0.002334 0.000000 0.054369 0.002334 0.999997 0.000000 -0.042158 0.000000 0.000000 1.000000 0.000000
0.999997 -0.002428 0.000000 0.050137 0.002428 0.999997 0.000000 -0.042302 0.000000 0.000000 1.000000 0.000000
0.999998 -0.002188 0.000000 0.039047 0.002188 0.999998 0.000000 -0.047936 0.000000 0.000000 1.000000 0.000000
0.999997 -0.002280 0.000000 0.028414 0.002280 0.999997 0.000000 -0.047283 0.000000 0.000000 1.000000 0.000000
0.999998 -0.002015 0.000000 0.025403 0.002015 0.999998 0.000000 -0.062058 0.000000 0.000000 1.000000 0.000000
0.999997 -0.002551 0.000000 0.032023 0.002551 0.999997 0.000000 -0.048127 0.000000 0.000000 1.000000 0.000000
0.999997 -0.002359 0.000000 0.030878 0.002359 0.999997 0.000000 -0.059089 0.000000 0.000000 1.000000 0.000000
0.999996 -0.002647 0.000000 0.036223 0.002647 0.999996 0.000000 -0.057096 0.000000 0.000000 1.000000 0.000000
0.999995 -0.003079 0.000000 0.024696 0.003079 0.999995 0.000000 -0.071665 0.000000 0.000000 1.000000 0.000000
0.999997 -0.002384 0.000000 0.016613 0.002384 0.999997 0.000000 -0.066347 0.000000 0.000000 1.000000 0.000000
0.999995 -0.003033 0.000000 0.022988 0.003033 0.999995 0.000000 -0.076662 0.000000 0.000000 1.000000 0.000000
0.999994 -0.003361 0.000000 0.034279 0.003361 0.999994 0.000000 -0.067471 0.000000 0.000000 1.000000 0.000000
0.999994 -0.003350 0.000000 0.033904 0.003350 0.999994 0.000000 -0.083609 0.000000 0.000000 1.000000 0.000000
0.999995 -0.003240 0.000000 0.020140 0.003240 0.999995 0.000000 -0.086472 0.000000 0.000000 1.000000 0.000000
0.999996 -0.002934 0.000000 0.025921 0.002934 0.999996 0.000000 -0.090878 0.000000 0.000000 1.000000 0.000000
0.999995 -0.003118 0.000000 0.025466 0.003118 0.999995 0.000000 -0.092330 0.000000 0.000000 1.000000 0.000000
0.999994 -0.003520 0.000000 0.029453 0.003520 0.999994 0.000000 -0.097236 0.000000 0.000000 1.000000 0.000000
0.999993 -0.003647 0.000000 0.022528 0.003647 0.999993 0.000000 -0.082109 0.000000 0.000000 1.000000 0.000000
0.999995 -0.003174 0.000000 0.018948 0.003174 0.999995 0.000000 -0.095227 0.000000 0.000000 1.000000 0.000000
0.999994 -0.003490 0.000000 0.021065 0.003490 0.999994 0.000000 -0.092602 0.000000 0.000000 1.000000 0.000000
0.999993 -0.003777 0.000000 0.015142 0.003777 0.999993 0.000000 -0.093070 0.000000 0.000000 1.000000 0.000000
0.999993 -0.003643 0.000000 0.013362 0.003643 0.999993 0.000000 -0.092827 0.000000 0.000000 1.000000 0.000000
0.999994 -0.003425 0.000000 0.016290 0.003425 0.999994 0.000000 -0.082800 0.000000 0.000000 1.000000 0.000000
0.999994 -0.003557 0.000000 0.026715 0.003557 0.999994 0.000000 -0.082359 0.000000 0.000000 1.000000 0.000000
0.999993 -0.003863 0.000000 0.027152 0.003863 0.999993 0.000000 -0.092220 0.000000 0.000000 1.000000 0.000000
0.999993 -0.003758 0.000000 0.024658 0.003758 0.999993 0.000000 -0.096331 0.000000 0.000000 1.000000 0.000000
0.999991 -0.004307 0.000000 0.020285 0.004307 0.999991 0.000000 -0.097908 0.000000 0.000000 1.000000 0.000000
0.999991 -0.004345 0.000000 0.024965 0.004345 0.999991 0.000000 -0.087588 0.000000 0.000000 1.000000 0.000000
0.999990 -0.004506 0.000000 0.033443 0.004506 0.999990 0.000000 -0.081614 0.000000 0.000000 1.000000 0.000000
0.999992 -0.003921 0.000000 0.020744 0.003921 0.999992 0.000000 -0.090134 0.000000 0.000000 1.000000 0.000000
0.999991 -0.004351 0.000000 0.030280 0.004351 0.999991 0.000000 -0.079138 0.000000 0.000000 1.000000 0.000000
0.999992 -0.003915 0.000000 0.034000 0.003915 0.999992 0.000000 -0.075002 0.000000 0.000000 1.000000 0.000000
0.999991 -0.004182 0.000000 0.032520 0.004182 0.999991 0.000000 -0.091698 0.000000 0.000000 1.000000 0.000000
0.999991 -0.004157 0.000000 0.023441 0.004157 0.999991 0.000000 -0.082213 0.000000 0.000000 1.000000 0.000000
0.999991 -0.004343 0.000000 0.034605 0.004343 0.999991 0.000000 -0.095040 0.000000 0.000000 1.000000 0.000000
0.999991 -0.004210 0.000000 0.034875 0.004210 0.999991 0.000000 -0.081739 0.000000 0.000000 1.000000 0.000000
0.999992 -0.003949 0.000000 0.036306 0.003949 0.999992 0.000000 -0.095155 0.000000 0.000000 1.000000 0.000000
0.999992 -0.003993 0.000000 0.034372 0.003993 0.999992 0.000000 -0.103302 0.000000 0.000000 1.000000 0.000000
0.999989 -0.004775 0.000000 0.039948 0.004775 0.999989 0.000000 -0.108337 0.000000 0.000000 1.000000 0.000000
0.999992 -0.004006 0.000000 0.035984 0.004006 0.999992 0.000000 -0.106605 0.000000 0.000000 1.000000 0.000000
0.999991 -0.004196 0.000000 0.035289 0.004196 0.999991 0.000000 -0.092900 0.000000 0.000000 1.000000 0.000000
0.999990 -0.004568 0.000000 0.024625 0.004568 0.999990 0.000000 -0.101536 0.000000 0.000000 1.000000 0.000000
0.999990 -0.004474 0.000000 0.022672 0.004474 0.999990 0.000000 -0.099982 0.000000 0.000000 1.000000 0.000000
0.999991 -0.004350 0.000000 0.032070 0.004350 0.999991 0.000000 -0.110031 0.000000 0.000000 1.000000 0.000000
0.999989 -0.004724 0.000000 0.038869 0.004724 0.999989 0.000000 -0.097989 0.000000 0.000000 1.000000 0.000000
0.999989 -0.004686 0.000000 0.044950 0.004686 0.999989 0.000000 -0.102545 0.000000 0.000000 1.000000 0.000000
0.999989 -0.004783 0.000000 0.041934 0.004783 0.999989 0.000000 -0.107218 0.000000 0.000000 1.000000 0.000000
0.999988 -0.004842 0.000000 0.050818 0.004842 0.999988 0.000000 -0.112434 0.000000 0.000000 1.000000 0.000000
0.999989 -0.004736 0.000000 0.034733 0.004736 0.999989 0.000000 -0.100292 0.000000 0.000000 1.000000 0.000000
0.999990 -0.004415 0.000000 0.047557 0.004415 0.999990 0.000000 -0.094938 0.000000 0.000000 1.000000 0.000000
0.999985 -0.005421 0.000000 0.025285 0.005421 0.999985 0.000000 -0.093290 0.000000 0.000000 1.000000 0.000000
0.999987 -0.005124 0.000000 0.017907 0.005124 0.999987 0.000000 -0.115024 0.000000 0.000000 1.000000 0.000000
0.999982 -0.006062 0.000000 0.032386 0.006062 0.999982 0.000000 -0.084154 0.000000 0.000000 1.000000 0.000000
0.999987 -0.005106 0.000000 0.039170 0.005106 0.999987 0.000000 -0.118045 0.000000 0.000000 1.000000 0.000000
0.999986 -0.005323 0.000000 0.037883 0.005323 0.999986 0.000000 -0.101288 0.000000 0.000000 1.000000 0.000000
0.999987 -0.005103 0.000000 0.039130 0.005103 0.999987 0.000000 -0.110771 0.000000 0.000000 1.000000 0.000000
0.999986 -0.005219 0.000000 0.042094 0.005219 0.999986 0.000000 -0.109585 0.000000 0.000000 1.000000 0.000000
0.999990 -0.004517 0.000000 0.039049 0.004517 0.999990 0.000000 -0.113672 0.000000 0.000000 1.000000 0.000000
0.999988 -0.004808 0.000000 0.041595 0.004808 0.999988 0.000000 -0.110773 0.000000 0.000000 1.000000 0.000000
0.999990 -0.004419 0.000000 0.038350 0.004419 0.999990 0.000000 -0.107812 0.000000 0.000000 1.000000 0.000000
0.999989 -0.004598 0.000000 0.037628 0.004598 0.999989 0.000000 -0.117815 0.000000 0.000000 1.000000 0.000000
0.999983 -0.005754 0.000000 0.037465 0.005754 0.999983 0.000000 -0.122023 0.000000 0.000000 1.000000 0.000000
0.999980 -0.006345 0.000000 0.047542 0.006345 0.999980 0.000000 -0.099629 0.000000 0.000000 1.000000 0.000000
0.999983 -0.005845 0.000000 0.044812 0.005845 0.999983 0.000000 -0.105734 0.000000 0.000000 1.000000 0.000000
0.999984 -0.005626 0.000000 0.054316 0.005626 0.999984 0.000000 -0.094016 0.000000 0.000000 1.000000 0.000000
0.999988 -0.004816 0.000000 0.055700 0.004816 0.999988 0.000000 -0.098690 0.000000 0.000000 1.000000 0.000000
0.999989 -0.004728 0.000000 0.057806 0.004728 0.999989 0.000000 -0.108140 0.000000 0.000000 1.000000 0.000000
0.999987 -0.005126 0.000000 0.061473 0.005126 0.999987 0.000000 -0.101553 0.000000 0.000000 1.000000 0.000000
0.999986 -0.005327 0.000000 0.050541 0.005327 0.999986 0.000000 -0.107838 0.000000 0.000000 1.000000 0.000000
0.999988 -0.004983 0.000000 0.047390 0.004983 0.999988 0.000000 -0.104801 0.000000 0.000000 1.000000 0.000000
0.999983 -0.005817 0.000000 0.043521 0.005817 0.999983 0.000000 -0.115687 0.000000 0.000000 1.000000 0.000000
0.999983 -0.005889 0.000000 0.045465 0.005889 0.999983 0.000000 -0.103836 0.000000 0.000000 1.000000 0.000000
0.999984 -0.005701 0.000000 0.031557 0.005701 0.999984 0.000000 -0.111625 0.000000 0.000000 1.000000 0.000000
0.999983 -0.005856 0.000000 0.024023 0.005856 0.999983 0.000000 -0.118291 0.000000 0.000000 1.000000 0.000000
0.999983 -0.005837 0.000000 0.028725 0.005837 0.999983 0.000000 -0.132306 0.000000 0.000000 1.000000 0.000000
0.999983 -0.005878 0.000000 0.032729 0.005878 0.999983 0.000000 -0.121501 0.000000 0.000000 1.000000 0.000000
0.999985 -0.005455 0.000000 0.044855 0.005455 0.999985 0.000000 -0.124586 0.000000 0.000000 1.000000 0.000000
0.999983 -0.005837 0.000000 0.055812 0.005837 0.999983 0.000000 -0.120265 0.000000 0.000000 1.000000 0.000000
0.999975 -0.007020 0.000000 0.055895 0.007020 0.999975 0.000000 -0.123908 0.000000 0.000000 1.000000 0.000000
0.999973 -0.007296 0.000000 0.096082 0.007296 0.999973 0.000000 -0.126058 0.000000 0.000000 1.000000 0.000000
0.999948 -0.010237 0.000000 0.186196 0.010237 0.999948 0.000000 -0.110359 0.000000 0.000000 1.000000 0.000000
0.999893 -0.014662 0.000000 0.300320 0.014662 0.999893 0.000000 -0.091976 0.000000 0.000000 1.000000 0.000000
0.999755 -0.022130 0.000000 0.441542 0.022130 0.999755 0.000000 -0.154108 0.000000 0.000000 1.000000 0.000000
0.999475 -0.032392 0.000000 0.646299 0.032392 0.999475 0.000000 -0.144165 0.000000 0.000000 1.000000 0.000000
0.999069 -0.043133 0.000000 0.915078 0.043133 0.999069 0.000000 -0.150346 0.000000 0.000000 1.000000 0.000000
0.998279 -0.058637 0.000000 1.216443 0.058637 0.998279 0.000000 -0.113424 0.000000 0.000000 1.000000 0.000000
0.996990 -0.077536 0.000000 1.634015 0.077536 0.996990 0.000000 -0.096555 0.000000 0.000000 1.000000 0.000000
0.995002 -0.099860 0.000000 2.084995 0.099860 0.995002 0.000000 -0.012612 0.000000 0.000000 1.000000 0.000000
0.992589 -0.121521 0.000000 2.607541 0.121521 0.992589 0.000000 0.072007 0.000000 0.000000 1.000000 0.000000
0.989447 -0.144897 0.000000 3.167118 0.144897 0.989447 0.000000 0.137802 0.000000 0.000000 1.000000 0.000000
0.985738 -0.168288 0.000000 3.787991 0.168288 0.985738 0.000000 0.255798 0.000000 0.000000 1.000000 0.000000
0.982473 -0.186403 0.000000 4.456366 0.186403 0.982473 0.000000 0.355695 0.000000 0.000000 1.000000 0.000000
0.980474 -0.196647 0.000000 5.223174 0.196647 0.980474 0.000000 0.534103 0.000000 0.000000 1.000000 0.000000
0.980306 -0.197486 0.000000 6.036021 0.197486 0.980306 0.000000 0.713906 0.000000 0.000000 1.000000 0.000000
0.981699 -0.190442 0.000000 6.952060 0.190442 0.981699 0.000000 0.866163 0.000000 0.000000 1.000000 0.000000
0.983732 -0.179645 0.000000 7.901591 0.179645 0.983732 0.000000 0.976508 0.000000 0.000000 1.000000 0.000000
0.986037 -0.166526 0.000000 8.946593 0.166526 0.986037 0.000000 1.135615 0.000000 0.000000 1.000000 0.000000
0.988193 -0.153215 0.000000 10.025876 0.153215 0.988193 0.000000 1.267691 0.000000 0.000000 1.000000 0.000000
0.990489 -0.137594 0.000000 11.167559 0.137594 0.990489 0.000000 1.365017 0.000000 0.000000 1.000000 0.000000
0.992701 -0.120600 0.000000 12.387191 0.120600 0.992701 0.000000 1.479590 0.000000 0.000000 1.000000 0.000000
0.994615 -0.103636 0.000000 13.637582 0.103636 0.994615 0.000000 1.616756 0.000000 0.000000 1.000000 0.000000
0.996458 -0.084097 0.000000 14.903900 0.084097 0.996458 0.000000 1.674337 0.000000 0.000000 1.000000 0.000000
0.997987 -0.063411 0.000000 16.207955 0.063411 0.997987 0.000000 1.737029 0.000000 0.000000 1.000000 0.000000
0.998903 -0.046834 0.000000 17.512485 0.046834 0.998903 0.000000 1.785823 0.000000 0.000000 1.000000 0.000000
0.999427 -0.033856 0.000000 18.767396 0.033856 0.999427 0.000000 1.749375 0.000000 0.000000 1.000000 0.000000
0.999615 -0.027743 0.000000 20.069084 0.027743 0.999615 0.000000 1.756580 0.000000 0.000000 1.000000 0.000000
0.999723 -0.023527 0.000000 21.389990 0.023527 0.999723 0.000000 1.759656 0.000000 0.000000 1.000000 0.000000
0.999852 -0.017204 0.000000 22.699735 0.017204 0.999852 0.000000 1.757747 0.000000 0.000000 1.000000 0.000000
0.999878 -0.015605 0.000000 24.018875 0.015605 0.999878 0.000000 1.796019 0.000000 0.000000 1.000000 0.000000
0.999914 -0.013129 0.000000 25.343058 0.013129 0.999914 0.000000 1.771738 0.000000 0.000000 1.000000 0.000000
0.999961 -0.008866 0.000000 26.717599 0.008866 0.999961 0.000000 1.770411 0.000000 0.000000 1.000000 0.000000
0.999992 -0.003890 0.000000 28.096892 0.003890 0.999992 0.000000 1.759622 0.000000 0.000000 1.000000 0.000000
0.999999 0.001341 0.000000 29.495747 -0.001341 0.999999 0.000000 1.736114 0.000000 0.000000 1.000000 0.000000
0.999975 0.007137 0.000000 30.898350 -0.007137 0.999975 0.000000 1.722329 0.000000 0.000000 1.000000 0.000000
0.999965 0.008345 0.000000 32.367143 -0.008345 0.999965 0.000000 1.678993 0.000000 0.000000 1.000000 0.000000
0.999954 0.009551 0.000000 33.809753 -0.009551 0.999954 0.000000 1.644514 0.000000 0.000000 1.000000 0.000000
0.999933 0.011554 0.000000 35.359707 -0.011554 0.999933 0.000000 1.595842 0.000000 0.000000 1.000000 0.000000
0.999926 0.012173 0.000000 36.892627 -0.012173 0.999926 0.000000 1.572067 0.000000 0.000000 1.000000 0.000000
0.999944 0.010568 0.000000 38.434772 -0.010568 0.999944 0.000000 1.524885 0.000000 0.000000 1.000000 0.000000
0.999939 0.011000 0.000000 40.003147 -0.011000 0.999939 0.000000 1.454421 0.000000 0.000000 1.000000 0.000000
0.999949 0.010073 0.000000 41.623185 -0.010073 0.999949 0.000000 1.422827 0.000000 0.000000 1.000000 0.000000
0.999964 0.008447 0.000000 43.319979 -0.008447 0.999964 0.000000 1.367205 0.000000 0.000000 1.000000 0.000000
0.999964 0.008437 0.000000 44.990703 -0.008437 0.999964 0.000000 1.332394 0.000000 0.000000 1.000000 0.000000
0.999994 0.003564 0.000000 46.682824 -0.003564 0.999994 0.000000 1.283206 0.000000 0.000000 1.000000 0.000000
0.999999 0.001344 0.000000 48.367181 -0.001344 0.999999 0.000000 1.275986 0.000000 0.000000 1.000000 0.000000
0.999999 -0.001695 0.000000 50.045606 0.001695 0.999999 0.000000 1.270942 0.000000 0.000000 1.000000 0.000000
0.999977 -0.006732 0.000000 51.742971 0.006732 0.999977 0.000000 1.224633 0.000000 0.000000 1.000000 0.000000
0.999956 -0.009427 0.000000 53.401055 0.009427 0.999956 0.000000 1.237371 0.000000 0.000000 1.000000 0.000000
0.999955 -0.009464 0.000000 55.076661 0.009464 0.999955 0.000000 1.232357 0.000000 0.000000 1.000000 0.000000
0.999945 -0.010535 0.000000 56.780241 0.010535 0.999945 0.000000 1.210646 0.000000 0.000000 1.000000 0.000000
0.999955 -0.009537 0.000000 58.508475 0.009537 0.999955 0.000000 1.191822 0.000000 0.000000 1.000000 0.000000
0.999978 -0.006627 0.000000 60.253091 0.006627 0.999978 0.000000 1.185916 0.000000 0.000000 1.000000 0.000000
0.999998 -0.001748 0.000000 61.970259 0.001748 0.999998 0.000000 1.176092 0.000000 0.000000 1.000000 0.000000
1.000000 -0.000579 0.000000 63.709048 0.000579 1.000000 0.000000 1.133433 0.000000 0.000000 1.000000 0.000000
1.000000 0.000540 0.000000 65.497382 -0.000540 1.000000 0.000000 1.108098 0.000000 0.000000 1.000000 0.000000
0.999997 0.002394 0.000000 67.305836 -0.002394 0.999997 0.000000 1.067696 0.000000 0.000000 1.000000 0.000000
0.999995 0.003295 0.000000 69.107399 -0.003295 0.999995 0.000000 1.010563 0.000000 0.000000 1.000000 0.000000
0.999989 0.004591 0.000000 70.860568 -0.004591 0.999989 0.000000 0.944127 0.000000 0.000000 1.000000 0.000000
0.999980 0.006253 0.000000 72.523461 -0.006253 0.999980 0.000000 0.943371 0.000000 0.000000 1.000000 0.000000
0.999983 0.005772 0.000000 74.286332 -0.005772 0.999983 0.000000 0.888956 0.000000 0.000000 1.000000 0.000000
0.999987 0.005095 0.000000 76.077500 -0.005095 0.999987 0.000000 0.825698 0.000000 0.000000 1.000000 0.000000
0.999996 0.002952 0.000000 77.860085 -0.002952 0.999996 0.000000 0.805003 0.000000 0.000000 1.000000 0.000000
0.999996 0.002685 0.000000 79.649734 -0.002685 0.999996 0.000000 0.788381 0.000000 0.000000 1.000000 0.000000
0.999989 0.004639 0.000000 81.422907 -0.004639 0.999989 0.000000 0.734195 0.000000 0.000000 1.000000 0.000000
0.999988 0.004812 0.000000 83.138244 -0.004812 0.999988 0.000000 0.697176 0.000000 0.000000 1.000000 0.000000
0.999982 0.006070 0.000000 84.817900 -0.006070 0.999982 0.000000 0.678786 0.000000 0.000000 1.000000 0.000000
0.999960 0.008889 0.000000 86.578176 -0.008889 0.999960 0.000000 0.681934 0.000000 0.000000 1.000000 0.000000
0.999958 0.009148 0.000000 88.244002 -0.009148 0.999958 0.000000 0.603549 0.000000 0.000000 1.000000 0.000000
0.999972 0.007508 0.000000 89.977771 -0.007508 0.999972 0.000000 0.541053 0.000000 0.000000 1.000000 0.000000
0.999990 0.004493 0.000000 91.666823 -0.004493 0.999990 0.000000 0.517066 0.000000 0.000000 1.000000 0.000000
0.999999 0.001393 0.000000 93.359020 -0.001393 0.999999 0.000000 0.491262 0.000000 0.000000 1.000000 0.000000
0.999993 -0.003857 0.000000 95.022373 0.003857 0.999993 0.000000 0.485124 0.000000 0.000000 1.000000 0.000000
0.999940 -0.010943 0.000000 96.654712 0.010943 0.999940 0.000000 0.420133 0.000000 0.000000 1.000000 0.000000
0.999878 -0.015637 0.000000 98.314367 0.015637 0.999878 0.000000 0.369858 0.000000 0.000000 1.000000 0.000000
0.999739 -0.022840 0.000000 99.970736 0.022840 0.999739 0.000000 0.381977 0.000000 0.000000 1.000000 0.000000
0.999548 -0.030058 0.000000 101.616799 0.030058 0.999548 0.000000 0.351679 0.000000 0.000000 1.000000 0.000000
0.999362 -0.035709 0.000000 103.196441 0.035709 0.999362 0.000000 0.363300 0.000000 0.000000 1.000000 0.000000
0.999152 -0.041166 0.000000 104.835016 0.041166 0.999152 0.000000 0.377000 0.000000 0.000000 1.000000 0.000000
0.999064 -0.043249 0.000000 106.434587 0.043249 0.999064 0.000000 0.432829 0.000000 0.000000 1.000000 0.000000
0.998773 -0.049515 0.000000 108.034377 0.049515 0.998773 0.000000 0.478714 0.000000 0.000000 1.000000 0.000000
0.998453 -0.055600 0.000000 109.559297 0.055600 0.998453 0.000000 0.550236 0.000000 0.000000 1.000000 0.000000
0.998312 -0.058084 0.000000 111.044795 0.058084 0.998312 0.000000 0.625593 0.000000 0.000000 1.000000 0.000000
0.998204 -0.059905 0.000000 112.516597 0.059905 0.998204 0.000000 0.699655 0.000000 0.000000 1.000000 0.000000
0.997971 -0.063669 0.000000 114.016194 0.063669 0.997971 0.000000 0.770258 0.000000 0.000000 1.000000 0.000000
0.997766 -0.066809 0.000000 115.471918 0.066809 0.997766 0.000000 0.866870 0.000000 0.000000 1.000000 0.000000
0.997638 -0.068695 0.000000 116.946914 0.068695 0.997638 0.000000 0.950069 0.000000 0.000000 1.000000 0.000000
0.997600 -0.069236 0.000000 118.419332 0.069236 0.997600 0.000000 1.018763 0.000000 0.000000 1.000000 0.000000
0.998039 -0.062588 0.000000 119.848497 0.062588 0.998039 0.000000 1.118470 0.000000 0.000000 1.000000 0.000000
0.998377 -0.056954 0.000000 121.274740 0.056954 0.998377 0.000000 1.175432 0.000000 0.000000 1.000000 0.000000
0.998681 -0.051348 0.000000 122.695860 0.051348 0.998681 0.000000 1.203807 0.000000 0.000000 1.000000 0.000000
0.999055 -0.043468 0.000000 124.122966 0.043468 0.999055 0.000000 1.248934 0.000000 0.000000 1.000000 0.000000
0.999342 -0.036263 0.000000 125.544140 0.036263 0.999342 0.000000 1.281465 0.000000 0.000000 1.000000 0.000000
0.999547 -0.030084 0.000000 126.964222 0.030084 0.999547 0.000000 1.290928 0.000000 0.000000 1.000000 0.000000
0.999776 -0.021163 0.000000 128.383076 0.021163 0.999776 0.000000 1.298874 0.000000 0.000000 1.000000 0.000000
0.999907 -0.013637 0.000000 129.822728 0.013637 0.999907 0.000000 1.298311 0.000000 0.000000 1.000000 0.000000
0.999963 -0.008645 0.000000 131.291204 0.008645 0.999963 0.000000 1.327285 0.000000 0.000000 1.000000 0.000000
0.999982 -0.006014 0.000000 132.690254 0.006014 0.999982 0.000000 1.278534 0.000000 0.000000 1.000000 0.000000
0.999999 -0.001706 0.000000 134.128146 0.001706 0.999999 0.000000 1.286822 0.000000 0.000000 1.000000 0.000000
1.000000 -0.000337 0.000000 135.569338 0.000337 1.000000 0.000000 1.266231 0.000000 0.000000 1.000000 0.000000
0.999998 -0.001964 0.000000 137.051545 0.001964 0.999998 0.000000 1.217065 0.000000 0.000000 1.000000 0.000000
0.999998 -0.001818 0.000000 138.465734 0.001818 0.999998 0.000000 1.200334 0.000000 0.000000 1.000000 0.000000
0.999999 -0.001448 0.000000 139.953967 0.001448 0.999999 0.000000 1.179006 0.000000 0.000000 1.000000 0.000000
0.999992 -0.003874 0.000000 141.434686 0.003874 0.999992 0.000000 1.169762 0.000000 0.000000 1.000000 0.000000
0.999974 -0.007249 0.000000 142.835055 0.007249 0.999974 0.000000 1.177351 0.000000 0.000000 1.000000 0.000000
0.999959 -0.009091 0.000000 144.176460 0.009091 0.999959 0.000000 1.200193 0.000000 0.000000 1.000000 0.000000
0.999944 -0.010621 0.000000 145.595116 0.010621 0.999944 0.000000 1.207684 0.000000 0.000000 1.000000 0.000000
0.999921 -0.012539 0.000000 146.928522 0.012539 0.999921 0.000000 1.195806 0.000000 0.000000 1.000000 0.000000
0.999875 -0.015807 0.000000 148.318112 0.015807 0.999875 0.000000 1.179938 0.000000 0.000000 1.000000 0.000000
0.999893 -0.014614 0.000000 149.709931 0.014614 0.999893 0.000000 1.183182 0.000000 0.000000 1.000000 0.000000
0.999911 -0.013331 0.000000 151.121100 0.013331 0.999911 0.000000 1.171106 0.000000 0.000000 1.000000 0.000000
0.999940 -0.010964 0.000000 152.516978 0.010964 0.999940 0.000000 1.177032 0.000000 0.000000 1.000000 0.000000
0.999906 -0.013715 0.000000 153.922046 0.013715 0.999906 0.000000 1.167616 0.000000 0.000000 1.000000 0.000000
0.999917 -0.012880 0.000000 155.387932 0.012880 0.999917 0.000000 1.173855 0.000000 0.000000 1.000000 0.000000
0.999914 -0.013089 0.000000 156.831922 0.013089 0.999914 0.000000 1.144341 0.000000 0.000000 1.000000 0.000000
0.999902 -0.013979 0.000000 158.310260 0.013979 0.999902 0.000000 1.155525 0.000000 0.000000 1.000000 0.000000
0.999876 -0.015741 0.000000 159.814664 0.015741 0.999876 0.000000 1.159732 0.000000 0.000000 1.000000 0.000000
0.999868 -0.016233 0.000000 161.376808 0.016233 0.999868 0.000000 1.172367 0.000000 0.000000 1.000000 0.000000
0.999864 -0.016504 0.000000 162.912195 0.016504 0.999864 0.000000 1.163393 0.000000 0.000000 1.000000 0.000000
0.999854 -0.017071 0.000000 164.488929 0.017071 0.999854 0.000000 1.173994 0.000000 0.000000 1.000000 0.000000
0.999736 -0.022961 0.000000 166.100814 0.022961 0.999736 0.000000 1.202492 0.000000 0.000000 1.000000 0.000000
0.999732 -0.023145 0.000000 167.672190 0.023145 0.999732 0.000000 1.243001 0.000000 0.000000 1.000000 0.000000
0.999765 -0.021658 0.000000 169.333367 0.021658 0.999765 0.000000 1.274877 0.000000 0.000000 1.000000 0.000000
0.999762 -0.021832 0.000000 171.005508 0.021832 0.999762 0.000000 1.244918 0.000000 0.000000 1.000000 0.000000
0.999678 -0.025373 0.000000 172.743129 0.025373 0.999678 0.000000 1.251857 0.000000 0.000000 1.000000 0.000000
0.999659 -0.026110 0.000000 174.413424 0.026110 0.999659 0.000000 1.266011 0.000000 0.000000 1.000000 0.000000
0.999599 -0.028330 0.000000 176.133514 0.028330 0.999599 0.000000 1.293202 0.000000 0.000000 1.000000 0.000000
0.999480 -0.032233 0.000000 177.897153 0.032233 0.999480 0.000000 1.296819 0.000000 0.000000 1.000000 0.000000
0.999544 -0.030183 0.000000 179.655696 0.030183 0.999544 0.000000 1.325042 0.000000 0.000000 1.000000 0.000000
0.999511 -0.031265 0.000000 181.478003 0.031265 0.999511 0.000000 1.334069 0.000000 0.000000 1.000000 0.000000
0.999518 -0.031056 0.000000 183.240355 0.031056 0.999518 0.000000 1.401408 0.000000 0.000000 1.000000 0.000000
0.999446 -0.033268 0.000000 185.040555 0.033268 0.999446 0.000000 1.370296 0.000000 0.000000 1.000000 0.000000
0.999342 -0.036277 0.000000 186.709545 0.036277 0.999342 0.000000 1.404388 0.000000 0.000000 1.000000 0.000000
0.999337 -0.036421 0.000000 188.456142 0.036421 0.999337 0.000000 1.430497 0.000000 0.000000 1.000000 0.000000
0.999313 -0.037049 0.000000 190.228808 0.037049 0.999313 0.000000 1.458320 0.000000 0.000000 1.000000 0.000000
0.999241 -0.038953 0.000000 192.024327 0.038953 0.999241 0.000000 1.501465 0.000000 0.000000 1.000000 0.000000
0.999294 -0.037572 0.000000 193.720100 0.037572 0.999294 0.000000 1.565736 0.000000 0.000000 1.000000 0.000000
0.999211 -0.039717 0.000000 195.427664 0.039717 0.999211 0.000000 1.609112 0.000000 0.000000 1.000000 0.000000
0.999177 -0.040570 0.000000 197.036310 0.040570 0.999177 0.000000 1.663931 0.000000 0.000000 1.000000 0.000000
0.999063 -0.043288 0.000000 198.560586 0.043288 0.999063 0.000000 1.742323 0.000000 0.000000 1.000000 0.000000
0.999071 -0.043096 0.000000 200.078052 0.043096 0.999071 0.000000 1.774305 0.000000 0.000000 1.000000 0.000000
0.998904 -0.046806 0.000000 201.528361 0.046806 0.998904 0.000000 1.856687 0.000000 0.000000 1.000000 0.000000
0.998788 -0.049211 0.000000 203.054196 0.049211 0.998788 0.000000 1.913504 0.000000 0.000000 1.000000 0.000000
0.998711 -0.050757 0.000000 204.559291 0.050757 0.998711 0.000000 2.002789 0.000000 0.000000 1.000000 0.000000
0.998751 -0.049966 0.000000 206.066571 0.049966 0.998751 0.000000 2.036435 0.000000 0.000000 1.000000 0.000000
0.998884 -0.047226 0.000000 207.584242 0.047226 0.998884 0.000000 2.104045 0.000000 0.000000 1.000000 0.000000
0.999153 -0.041145 0.000000 209.091399 0.041145 0.999153 0.000000 2.126189 0.000000 0.000000 1.000000 0.000000
0.999503 -0.031525 0.000000 210.641238 0.031525 0.999503 0.000000 2.145073 0.000000 0.000000 1.000000 0.000000
0.999743 -0.022665 0.000000 212.220692 0.022665 0.999743 0.000000 2.141545 0.000000 0.000000 1.000000 0.000000
0.999866 -0.016359 0.000000 213.817270 0.016359 0.999866 0.000000 2.138906 0.000000 0.000000 1.000000 0.000000
0.999970 -0.007708 0.000000 215.444109 0.007708 0.999970 0.000000 2.122231 0.000000 0.000000 1.000000 0.000000
0.999992 -0.004040 0.000000 217.120080 0.004040 0.999992 0.000000 2.088354 0.000000 0.000000 1.000000 0.000000
0.999987 -0.005026 0.000000 218.723694 0.005026 0.999987 0.000000 2.072005 0.000000 0.000000 1.000000 0.000000
0.999923 -0.012427 0.000000 220.402869 0.012427 0.999923 0.000000 2.063159 0.000000 0.000000 1.000000 0.000000
0.999635 -0.027018 0.000000 222.118575 0.027018 0.999635 0.000000 2.065008 0.000000 0.000000 1.000000 0.000000
0.999015 -0.044370 0.000000 223.889739 0.044370 0.999015 0.000000 2.115317 0.000000 0.000000 1.000000 0.000000
0.998017 -0.062941 0.000000 225.610332 0.062941 0.998017 0.000000 2.249777 0.000000 0.000000 1.000000 0.000000
0.996785 -0.080121 0.000000 227.323713 0.080121 0.996785 0.000000 2.338598 0.000000 0.000000 1.000000 0.000000
0.995700 -0.092639 0.000000 229.020866 0.092639 0.995700 0.000000 2.527297 0.000000 0.000000 1.000000 0.000000
0.995094 -0.098935 0.000000 230.740777 0.098935 0.995094 0.000000 2.700748 0.000000 0.000000 1.000000 0.000000
0.994221 -0.107351 0.000000 232.522731 0.107351 0.994221 0.000000 2.872648 0.000000 0.000000 1.000000 0.000000
0.994097 -0.108495 0.000000 234.262449 0.108495 0.994097 0.000000 3.090831 0.000000 0.000000 1.000000 0.000000
0.993616 -0.112816 0.000000 236.066373 0.112816 0.993616 0.000000 3.295846 0.000000 0.000000 1.000000 0.000000
0.993199 -0.116430 0.000000 237.890057 0.116430 0.993199 0.000000 3.490531 0.000000 0.000000 1.000000 0.000000
0.992887 -0.119063 0.000000 239.704747 0.119063 0.992887 0.000000 3.669404 0.000000 0.000000 1.000000 0.000000
0.992344 -0.123507 0.000000 241.572094 0.123507 0.992344 0.000000 3.882816 0.000000 0.000000 1.000000 0.000000
0.992024 -0.126045 0.000000 243.527459 0.126045 0.992024 0.000000 4.140878 0.000000 0.000000 1.000000 0.000000
0.992122 -0.125275 0.000000 245.525161 0.125275 0.992122 0.000000 4.402963 0.000000 0.000000 1.000000 0.000000
0.992709 -0.120539 0.000000 247.482100 0.120539 0.992709 0.000000 4.615370 0.000000 0.000000 1.000000 0.000000
0.993018 -0.117959 0.000000 249.462247 0.117959 0.993018 0.000000 4.814639 0.000000 0.000000 1.000000 0.000000
0.993279 -0.115741 0.000000 251.402149 0.115741 0.993279 0.000000 5.028865 0.000000 0.000000 1.000000 0.000000
0.993271 -0.115811 0.000000 253.378261 0.115811 0.993271 0.000000 5.225931 0.000000 0.000000 1.000000 0.000000
0.993218 -0.116270 0.000000 255.326134 0.116270 0.993218 0.000000 5.418422 0.000000 0.000000 1.000000 0.000000
0.993267 -0.115852 0.000000 257.298446 0.115852 0.993267 0.000000 5.600765 0.000000 0.000000 1.000000 0.000000
0.993340 -0.115219 0.000000 259.302472 0.115219 0.993340 0.000000 5.796592 0.000000 0.000000 1.000000 0.000000
0.993777 -0.111386 0.000000 261.255728 0.111386 0.993777 0.000000 6.033597 0.000000 0.000000 1.000000 0.000000
0.993987 -0.109500 0.000000 263.221101 0.109500 0.993987 0.000000 6.211357 0.000000 0.000000 1.000000 0.000000
0.994097 -0.108492 0.000000 265.143036 0.108492 0.994097 0.000000 6.432822 0.000000 0.000000 1.000000 0.000000
0.994085 -0.108601 0.000000 267.064734 0.108601 0.994085 0.000000 6.642626 0.000000 0.000000 1.000000 0.000000
0.993819 -0.111016 0.000000 269.059569 0.111016 0.993819 0.000000 6.834273 0.000000 0.000000 1.000000 0.000000
0.993664 -0.112388 0.000000 271.022663 0.112388 0.993664 0.000000 6.992339 0.000000 0.000000 1.000000 0.000000
0.993474 -0.114060 0.000000 272.926097 0.114060 0.993474 0.000000 7.190476 0.000000 0.000000 1.000000 0.000000
0.993142 -0.116917 0.000000 274.805242 0.116917 0.993142 0.000000 7.424950 0.000000 0.000000 1.000000 0.000000
0.993219 -0.116257 0.000000 276.792306 0.116257 0.993219 0.000000 7.590477 0.000000 0.000000 1.000000 0.000000
0.993186 -0.116539 0.000000 278.715809 0.116539 0.993186 0.000000 7.786451 0.000000 0.000000 1.000000 0.000000
0.993148 -0.116867 0.000000 280.628470 0.116867 0.993148 0.000000 7.972522 0.000000 0.000000 1.000000 0.000000
0.993209 -0.116345 0.000000 282.633528 0.116345 0.993209 0.000000 8.157537 0.000000 0.000000 1.000000 0.000000
0.993491 -0.113910 0.000000 284.569228 0.113910 0.993491 0.000000 8.326386 0.000000 0.000000 1.000000 0.000000
0.993579 -0.113140 0.000000 286.590026 0.113140 0.993579 0.000000 8.534205 0.000000 0.000000 1.000000 0.000000
0.993558 -0.113325 0.000000 288.587655 0.113325 0.993558 0.000000 8.724864 0.000000 0.000000 1.000000 0.000000
0.993628 -0.112709 0.000000 290.685424 0.112709 0.993628 0.000000 8.903630 0.000000 0.000000 1.000000 0.000000
0.993517 -0.113686 0.000000 292.784787 0.113686 0.993517 0.000000 9.117023 0.000000 0.000000 1.000000 0.000000
0.993714 -0.111951 0.000000 294.869625 0.111951 0.993714 0.000000 9.299607 0.000000 0.000000 1.000000 0.000000
0.993860 -0.110644 0.000000 296.960715 0.110644 0.993860 0.000000 9.497346 0.000000 0.000000 1.000000 0.000000
0.994179 -0.107742 0.000000 299.093199 0.107742 0.994179 0.000000 9.694224 0.000000 0.000000 1.000000 0.000000
0.994444 -0.105264 0.000000 301.237776 0.105264 0.994444 0.000000 9.874728 0.000000 0.000000 1.000000 0.000000
0.994989 -0.099983 0.000000 303.416371 0.099983 0.994989 0.000000 10.065228 0.000000 0.000000 1.000000 0.000000
0.995339 -0.096440 0.000000 305.547464 0.096440 0.995339 0.000000 10.250928 0.000000 0.000000 1.000000 0.000000
0.995665 -0.093015 0.000000 307.702272 0.093015 0.995665 0.000000 10.423329 0.000000 0.000000 1.000000 0.000000
0.996008 -0.089267 0.000000 309.827882 0.089267 0.996008 0.000000 10.603123 0.000000 0.000000 1.000000 0.000000
0.996093 -0.088310 0.000000 311.960686 0.088310 0.996093 0.000000 10.764469 0.000000 0.000000 1.000000 0.000000
0.996541 -0.083098 0.000000 314.107971 0.083098 0.996541 0.000000 10.886537 0.000000 0.000000 1.000000 0.000000
0.996792 -0.080040 0.000000 316.265284 0.080040 0.996792 0.000000 11.055372 0.000000 0.000000 1.000000 0.000000
0.996985 -0.077599 0.000000 318.391170 0.077599 0.996985 0.000000 11.126987 0.000000 0.000000 1.000000 0.000000
0.996942 -0.078148 0.000000 320.475826 0.078148 0.996942 0.000000 11.256573 0.000000 0.000000 1.000000 0.000000
0.997276 -0.073762 0.000000 322.644982 0.073762 0.997276 0.000000 11.361371 0.000000 0.000000 1.000000 0.000000
0.997377 -0.072385 0.000000 324.821836 0.072385 0.997377 0.000000 11.433343 0.000000 0.000000 1.000000 0.000000
0.997577 -0.069570 0.000000 326.985097 0.069570 0.997577 0.000000 11.552106 0.000000 0.000000 1.000000 0.000000
0.997671 -0.068203 0.000000 329.169013 0.068203 0.997671 0.000000 11.682018 0.000000 0.000000 1.000000 0.000000
0.997745 -0.067124 0.000000 331.427227 0.067124 0.997745 0.000000 11.733672 0.000000 0.000000 1.000000 0.000000
0.997714 -0.067576 0.000000 333.592158 0.067576 0.997714 0.000000 11.911295 0.000000 0.000000 1.000000 0.000000
0.997540 -0.070106 0.000000 335.696226 0.070106 0.997540 0.000000 12.044580 0.000000 0.000000 1.000000 0.000000
0.997405 -0.071989 0.000000 337.848764 0.071989 0.997405 0.000000 12.207482 0.000000 0.000000 1.000000 0.000000
0.997582 -0.069503 0.000000 340.004581 0.069503 0.997582 0.000000 12.294122 0.000000 0.000000 1.000000 0.000000
0.997765 -0.066819 0.000000 342.226828 0.066819 0.997765 0.000000 12.339139 0.000000 0.000000 1.000000 0.000000
0.998086 -0.061835 0.000000 344.391005 0.061835 0.998086 0.000000 12.422437 0.000000 0.000000 1.000000 0.000000
0.998363 -0.057199 0.000000 346.510262 0.057199 0.998363 0.000000 12.538371 0.000000 0.000000 1.000000 0.000000
0.998706 -0.050860 0.000000 348.693672 0.050860 0.998706 0.000000 12.597198 0.000000 0.000000 1.000000 0.000000
0.999162 -0.040929 0.000000 350.868080 0.040929 0.999162 0.000000 12.695240 0.000000 0.000000 1.000000 0.000000
0.999590 -0.028628 0.000000 353.054961 0.028628 0.999590 0.000000 12.781519 0.000000 0.000000 1.000000 0.000000
0.999911 -0.013371 0.000000 355.238916 0.013371 0.999911 0.000000 12.766940 0.000000 0.000000 1.000000 0.000000
0.999993 0.003658 0.000000 357.396063 -0.003658 0.999993 0.000000 12.699531 0.000000 0.000000 1.000000 0.000000
0.999759 0.021941 0.000000 359.537495 -0.021941 0.999759 0.000000 12.620390 0.000000 0.000000 1.000000 0.000000
0.999206 0.039836 0.000000 361.790449 -0.039836 0.999206 0.000000 12.488552 0.000000 0.000000 1.000000 0.000000
0.998480 0.055111 0.000000 363.923702 -0.055111 0.998480 0.000000 12.292812 0.000000 0.000000 1.000000 0.000000
0.997625 0.068874 0.000000 366.047091 -0.068874 0.997625 0.000000 12.181522 0.000000 0.000000 1.000000 0.000000
0.996894 0.078756 0.000000 368.199395 -0.078756 0.996894 0.000000 11.986424 0.000000 0.000000 1.000000 0.000000
0.996334 0.085545 0.000000 370.336077 -0.085545 0.996334 0.000000 11.736739 0.000000 0.000000 1.000000 0.000000
0.995946 0.089951 0.000000 372.514525 -0.089951 0.995946 0.000000 11.548604 0.000000 0.000000 1.000000 0.000000
0.996063 0.088646 0.000000 374.670255 -0.088646 0.996063 0.000000 11.334052 0.000000 0.000000 1.000000 0.000000
0.996369 0.085140 0.000000 376.845414 -0.085140 0.996369 0.000000 11.131920 0.000000 0.000000 1.000000 0.000000
0.997273 0.073797 0.000000 378.977251 -0.073797 0.997273 0.000000 10.921995 0.000000 0.000000 1.000000 0.000000
0.997837 0.065737 0.000000 381.152516 -0.065737 0.997837 0.000000 10.752407 0.000000 0.000000 1.000000 0.000000
0.998430 0.056011 0.000000 383.319794 -0.056011 0.998430 0.000000 10.573229 0.000000 0.000000 1.000000 0.000000
0.998784 0.049302 0.000000 385.522384 -0.049302 0.998784 0.000000 10.445719 0.000000 0.000000 1.000000 0.000000
0.999159 0.041001 0.000000 387.710736 -0.041001 0.999159 0.000000 10.307535 0.000000 0.000000 1.000000 0.000000
0.999510 0.031312 0.000000 389.840451 -0.031312 0.999510 0.000000 10.234574 0.000000 0.000000 1.000000 0.000000
0.999727 0.023377 0.000000 392.021652 -0.023377 0.999727 0.000000 10.172180 0.000000 0.000000 1.000000 0.000000
0.999816 0.019178 0.000000 394.242965 -0.019178 0.999816 0.000000 10.106173 0.000000 0.000000 1.000000 0.000000
0.999895 0.014514 0.000000 396.441608 -0.014514 0.999895 0.000000 10.007624 0.000000 0.000000 1.000000 0.000000
0.999954 0.009624 0.000000 398.609775 -0.009624 0.999954 0.000000 9.978223 0.000000 0.000000 1.000000 0.000000
0.999996 0.002843 0.000000 400.814544 -0.002843 0.999996 0.000000 9.980953 0.000000 0.000000 1.000000 0.000000
1.000000 0.000863 0.000000 403.015890 -0.000863 1.000000 0.000000 9.932399 0.000000 0.000000 1.000000 0.000000
0.999999 -0.001216 0.000000 405.239925 0.001216 0.999999 0.000000 9.946633 0.000000 0.000000 1.000000 0.000000
0.999997 -0.002408 0.000000 407.462659 0.002408 0.999997 0.000000 9.925404 0.000000 0.000000 1.000000 0.000000
0.999983 -0.005818 0.000000 409.656156 0.005818 0.999983 0.000000 9.893967 0.000000 0.000000 1.000000 0.000000
0.999977 -0.006737 0.000000 411.843175 0.006737 0.999977 0.000000 9.868397 0.000000 0.000000 1.000000 0.000000
0.999959 -0.009060 0.000000 414.078217 0.009060 0.999959 0.000000 9.876211 0.000000 0.000000 1.000000 0.000000
0.999922 -0.012454 0.000000 416.329601 0.012454 0.999922 0.000000 9.866363 0.000000 0.000000 1.000000 0.000000
0.999913 -0.013217 0.000000 418.549195 0.013217 0.999913 0.000000 9.864274 0.000000 0.000000 1.000000 0.000000
