1.000000 0.000000 0.000000 0.000000 0.000000 1.000000 0.000000 0.000000 0.000000 0.000000 1.000000 0.000000
1.000000 0.000123 0.000000 -0.005187 -0.000123 1.000000 0.000000 -0.000830 0.000000 0.000000 1.000000 0.000000
1.000000 0.000099 0.000000 0.002971 -0.000099 1.000000 0.000000 -0.003604 0.000000 0.000000 1.000000 0.000000
1.000000 -0.000006 0.000000 -0.003425 0.000006 1.000000 0.000000 -0.006313 0.000000 0.000000 1.000000 0.000000
1.000000 -0.000088 0.000000 -0.000392 0.000088 1.000000 0.000000 -0.005408 0.000000 0.000000 1.000000 0.000000
1.000000 -0.000182 0.000000 0.005714 0.000182 1.000000 0.000000 -0.009041 0.000000 0.000000 1.000000 0.000000
1.000000 -0.000117 0.000000 -0.002662 0.000117 1.000000 0.000000 -0.006100 0.000000 0.000000 1.000000 0.000000
1.000000 0.000044 0.000000 -0.002179 -0.000044 1.000000 0.000000 0.001027 0.000000 0.000000 1.000000 0.000000
1.000000 0.000016 0.000000 -0.002208 -0.000016 1.000000 0.000000 -0.000142 0.000000 0.000000 1.000000 0.000000
1.000000 -0.000154 0.000000 -0.012620 0.000154 1.000000 0.000000 -0.005036 0.000000 0.000000 1.000000 0.000000
1.000000 -0.000151 0.000000 -0.003908 0.000151 1.000000 0.000000 0.002096 0.000000 0.000000 1.000000 0.000000
1.000000 -0.000216 0.000000 -0.005200 0.000216 1.000000 0.000000 0.003810 0.000000 0.000000 1.000000 0.000000
1.000000 -0.000109 0.000000 -0.002174 0.000109 1.000000 0.000000 0.002293 0.000000 0.000000 1.000000 0.000000
1.000000 0.000014 0.000000 -0.003244 -0.000014 1.000000 0.000000 -0.004553 0.000000 0.000000 1.000000 0.000000
1.000000 0.000159 0.000000 -0.001688 -0.000159 1.000000 0.000000 -0.006334 0.000000 0.000000 1.000000 0.000000
1.000000 0.000228 0.000000 0.005460 -0.000228 1.000000 0.000000 -0.002589 0.000000 0.000000 1.000000 0.000000
1.000000 0.000097 0.000000 0.004921 -0.000097 1.000000 0.000000 0.002552 0.000000 0.000000 1.000000 0.000000
1.000000 -0.000086 0.000000 0.011247 0.000086 1.000000 0.000000 -0.007287 0.000000 0.000000 1.000000 0.000000
1.000000 0.000022 0.000000 0.001648 -0.000022 1.000000 0.000000 -0.008950 0.000000 0.000000 1.000000 0.000000
1.000000 -0.000226 0.000000 -0.002610 0.000226 1.000000 0.000000 0.005265 0.000000 0.000000 1.000000 0.000000
1.000000 -0.000061 0.000000 0.014279 0.000061 1.000000 0.000000 0.005351 0.000000 0.000000 1.000000 0.000000
1.000000 -0.000064 0.000000 0.013467 0.000064 1.000000 0.000000 0.004576 0.000000 0.000000 1.000000 0.000000
1.000000 -0.000086 0.000000 0.003610 0.000086 1.000000 0.000000 -0.000377 0.000000 0.000000 1.000000 0.000000
1.000000 0.000060 0.000000 0.003861 -0.000060 1.000000 0.000000 -0.000227 0.000000 0.000000 1.000000 0.000000
1.000000 -0.000074 0.000000 -0.000253 0.000074 1.000000 0.000000 -0.000039 0.000000 0.000000 1.000000 0.000000
1.000000 -0.000124 0.000000 -0.003943 0.000124 1.000000 0.000000 -0.004091 0.000000 0.000000 1.000000 0.000000
1.000000 -0.000014 0.000000 0.005970 0.000014 1.000000 0.000000 -0.001395 0.000000 0.000000 1.000000 0.000000
1.000000 0.000016 0.000000 0.001253 -0.000016 1.000000 0.000000 -0.000326 0.000000 0.000000 1.000000 0.000000
1.000000 -0.000103 0.000000 0.002871 0.000103 1.000000 0.000000 -0.006527 0.000000 0.000000 1.000000 0.000000
1.000000 -0.000317 0.000000 0.005105 0.000317 1.000000 0.000000 -0.004441 0.000000 0.000000 1.000000 0.000000
1.000000 0.000091 0.000000 0.000679 -0.000091 1.000000 0.000000 0.000963 0.000000 0.000000 1.000000 0.000000
1.000000 0.000115 0.000000 -0.003848 -0.000115 1.000000 0.000000 0.004962 0.000000 0.000000 1.000000 0.000000
1.000000 -0.000074 0.000000 0.005349 0.000074 1.000000 0.000000 0.001215 0.000000 0.000000 1.000000 0.000000
1.000000 -0.000054 0.000000 -0.017742 0.000054 1.000000 0.000000 0.010331 0.000000 0.000000 1.000000 0.000000
1.000000 -0.000056 0.000000 0.012803 0.000056 1.000000 0.000000 -0.003866 0.000000 0.000000 1.000000 0.000000
1.000000 -0.000174 0.000000 0.003820 0.000174 1.000000 0.000000 -0.013521 0.000000 0.000000 1.000000 0.000000
1.000000 -0.000200 0.000000 0.004597 0.000200 1.000000 0.000000 0.003452 0.000000 0.000000 1.000000 0.000000
1.000000 -0.000024 0.000000 0.007720 0.000024 1.000000 0.000000 0.012641 0.000000 0.000000 1.000000 0.000000
1.000000 0.000032 0.000000 0.000640 -0.000032 1.000000 0.000000 0.006038 0.000000 0.000000 1.000000 0.000000
1.000000 0.000076 0.000000 -0.006907 -0.000076 1.000000 0.000000 0.009767 0.000000 0.000000 1.000000 0.000000
1.000000 -0.000015 0.000000 -0.006089 0.000015 1.000000 0.000000 0.002107 0.000000 0.000000 1.000000 0.000000
1.000000 0.000146 0.000000 -0.003283 -0.000146 1.000000 0.000000 0.004492 0.000000 0.000000 1.000000 0.000000
1.000000 -0.000183 0.000000 -0.017096 0.000183 1.000000 0.000000 0.002208 0.000000 0.000000 1.000000 0.000000
1.000000 -0.000372 0.000000 -0.009857 0.000372 1.000000 0.000000 -0.001097 0.000000 0.000000 1.000000 0.000000
1.000000 -0.000131 0.000000 0.000548 0.000131 1.000000 0.000000 0.000575 0.000000 0.000000 1.000000 0.000000
1.000000 0.000175 0.000000 -0.001417 -0.000175 1.000000 0.000000 -0.004251 0.000000 0.000000 1.000000 0.000000
1.000000 -0.000284 0.000000 -0.007492 0.000284 1.000000 0.000000 -0.007631 0.000000 0.000000 1.000000 0.000000
1.000000 -0.000177 0.000000 -0.009103 0.000177 1.000000 0.000000 -0.000446 0.000000 0.000000 1.000000 0.000000
1.000000 -0.000276 0.000000 -0.001558 0.000276 1.000000 0.000000 -0.003824 0.000000 0.000000 1.000000 0.000000
1.000000 -0.000248 0.000000 -0.000151 0.000248 1.000000 0.000000 0.001858 0.000000 0.000000 1.000000 0.000000
1.000000 -0.000016 0.000000 -0.001657 0.000016 1.000000 0.000000 0.000061 0.000000 0.000000 1.000000 0.000000
1.000000 0.000264 0.000000 0.000394 -0.000264 1.000000 0.000000 -0.007606 0.000000 0.000000 1.000000 0.000000
1.000000 0.000044 0.000000 0.004456 -0.000044 1.000000 0.000000 -0.000628 0.000000 0.000000 1.000000 0.000000
1.000000 -0.000096 0.000000 -0.001462 0.000096 1.000000 0.000000 -0.004753 0.000000 0.000000 1.000000 0.000000
1.000000 -0.000173 0.000000 0.010488 0.000173 1.000000 0.000000 0.002859 0.000000 0.000000 1.000000 0.000000
1.000000 -0.000399 0.000000 0.005253 0.000399 1.000000 0.000000 -0.006114 0.000000 0.000000 1.000000 0.000000
1.000000 -0.000194 0.000000 0.004661 0.000194 1.000000 0.000000 0.000780 0.000000 0.000000 1.000000 0.000000
1.000000 -0.000075 0.000000 0.006797 0.000075 1.000000 0.000000 0.015602 0.000000 0.000000 1.000000 0.000000
1.000000 -0.000173 0.000000 -0.000659 0.000173 1.000000 0.000000 0.006123 0.000000 0.000000 1.000000 0.000000
1.000000 -0.000277 0.000000 0.003252 0.000277 1.000000 0.000000 0.012626 0.000000 0.000000 1.000000 0.000000
1.000000 -0.000343 0.000000 0.008106 0.000343 1.000000 0.000000 0.013532 0.000000 0.000000 1.000000 0.000000
1.000000 -0.000147 0.000000 0.008028 0.000147 1.000000 0.000000 0.012654 0.000000 0.000000 1.000000 0.000000
1.000000 -0.000184 0.000000 0.010294 0.000184 1.000000 0.000000 0.009312 0.000000 0.000000 1.000000 0.000000
1.000000 -0.000301 0.000000 0.001777 0.000301 1.000000 0.000000 0.009467 0.000000 0.000000 1.000000 0.000000
1.000000 -0.000213 0.000000 -0.003581 0.000213 1.000000 0.000000 0.005495 0.000000 0.000000 1.000000 0.000000
1.000000 -0.000165 0.000000 -0.001067 0.000165 1.000000 0.000000 0.000873 0.000000 0.000000 1.000000 0.000000
1.000000 -0.000298 0.000000 0.002314 0.000298 1.000000 0.000000 0.003642 0.000000 0.000000 1.000000 0.000000
1.000000 -0.000119 0.000000 0.006690 0.000119 1.000000 0.000000 0.003050 0.000000 0.000000 1.000000 0.000000
1.000000 0.000043 0.000000 0.003062 -0.000043 1.000000 0.000000 -0.002592 0.000000 0.000000 1.000000 0.000000
1.000000 0.000135 0.000000 -0.000335 -0.000135 1.000000 0.000000 -0.007808 0.000000 0.000000 1.000000 0.000000
1.000000 0.000059 0.000000 0.006231 -0.000059 1.000000 0.000000 0.000384 0.000000 0.000000 1.000000 0.000000
1.000000 -0.000019 0.000000 0.001357 0.000019 1.000000 0.000000 -0.005171 0.000000 0.000000 1.000000 0.000000
1.000000 0.000148 0.000000 -0.000727 -0.000148 1.000000 0.000000 0.005092 0.000000 0.000000 1.000000 0.000000
1.000000 -0.000131 0.000000 0.005134 0.000131 1.000000 0.000000 -0.005356 0.000000 0.000000 1.000000 0.000000
1.000000 -0.000143 0.000000 0.009836 0.000143 1.000000 0.000000 -0.001509 0.000000 0.000000 1.000000 0.000000
1.000000 -0.000098 0.000000 0.004835 0.000098 1.000000 0.000000 -0.005451 0.000000 0.000000 1.000000 0.000000
1.000000 -0.000010 0.000000 -0.003038 0.000010 1.000000 0.000000 -0.001054 0.000000 0.000000 1.000000 0.000000
1.000000 -0.000085 0.000000 -0.011423 0.000085 1.000000 0.000000 0.000966 0.000000 0.000000 1.000000 0.000000
1.000000 0.000056 0.000000 -0.004727 -0.000056 1.000000 0.000000 -0.002999 0.000000 0.000000 1.000000 0.000000
1.000000 0.000088 0.000000 -0.006486 -0.000088 1.000000 0.000000 -0.002066 0.000000 0.000000 1.000000 0.000000
1.000000 0.000206 0.000000 -0.004073 -0.000206 1.000000 0.000000 0.001418 0.000000 0.000000 1.000000 0.000000
1.000000 0.000261 0.000000 -0.004614 -0.000261 1.000000 0.000000 0.002897 0.000000 0.000000 1.000000 0.000000
1.000000 0.000177 0.000000 -0.009570 -0.000177 1.000000 0.000000 -0.005972 0.000000 0.000000 1.000000 0.000000
1.000000 0.000102 0.000000 -0.007811 -0.000102 1.000000 0.000000 -0.008058 0.000000 0.000000 1.000000 0.000000
1.000000 0.000252 0.000000 -0.005554 -0.000252 1.000000 0.000000 0.004561 0.000000 0.000000 1.000000 0.000000
1.000000 0.000233 0.000000 -0.009344 -0.000233 1.000000 0.000000 -0.005188 0.000000 0.000000 1.000000 0.000000
1.000000 -0.000047 0.000000 -0.002722 0.000047 1.000000 0.000000 -0.004421 0.000000 0.000000 1.000000 0.000000
1.000000 0.000029 0.000000 -0.010304 -0.000029 1.000000 0.000000 0.004894 0.000000 0.000000 1.000000 0.000000
1.000000 -0.000133 0.000000 -0.007052 0.000133 1.000000 0.000000 0.008861 0.000000 0.000000 1.000000 0.000000
1.000000 -0.000194 0.000000 -0.010824 0.000194 1.000000 0.000000 -0.001638 0.000000 0.000000 1.000000 0.000000
1.000000 0.000234 0.000000 -0.004021 -0.000234 1.000000 0.000000 -0.007181 0.000000 0.000000 1.000000 0.000000
1.000000 0.000287 0.000000 0.003903 -0.000287 1.000000 0.000000 -0.002911 0.000000 0.000000 1.000000 0.000000
1.000000 0.000140 0.000000 -0.006821 -0.000140 1.000000 0.000000 -0.003948 0.000000 0.000000 1.000000 0.000000
1.000000 0.000127 0.000000 -0.003373 -0.000127 1.000000 0.000000 0.003271 0.000000 0.000000 1.000000 0.000000
1.000000 0.000086 0.000000 -0.006063 -0.000086 1.000000 0.000000 0.011485 0.000000 0.000000 1.000000 0.000000
1.000000 -0.000017 0.000000 -0.019271 0.000017 1.000000 0.000000 -0.000561 0.000000 0.000000 1.000000 0.000000
1.000000 0.000174 0.000000 -0.007421 -0.000174 1.000000 0.000000 0.001780 0.000000 0.000000 1.000000 0.000000
1.000000 0.000110 0.000000 0.005994 -0.000110 1.000000 0.000000 0.005584 0.000000 0.000000 1.000000 0.000000
1.000000 -0.000065 0.000000 -0.010750 0.000065 1.000000 0.000000 -0.005974 0.000000 0.000000 1.000000 0.000000
1.000000 -0.000177 0.000000 -0.006836 0.000177 1.000000 0.000000 -0.000964 0.000000 0.000000 1.000000 0.000000
1.000000 -0.000045 0.000000 -0.007565 0.000045 1.000000 0.000000 -0.013833 0.000000 0.000000 1.000000 0.000000
1.000000 -0.000149 0.000000 -0.000793 0.000149 1.000000 0.000000 -0.006066 0.000000 0.000000 1.000000 0.000000
1.000000 -0.000339 0.000000 0.005729 0.000339 1.000000 0.000000 -0.012850 0.000000 0.000000 1.000000 0.000000
1.000000 -0.000113 0.000000 0.008903 0.000113 1.000000 0.000000 -0.001801 0.000000 0.000000 1.000000 0.000000
1.000000 -0.000182 0.000000 0.014254 0.000182 1.000000 0.000000 -0.002260 0.000000 0.000000 1.000000 0.000000
1.000000 -0.000250 0.000000 0.006135 0.000250 1.000000 0.000000 -0.002752 0.000000 0.000000 1.000000 0.000000
1.000000 -0.000023 0.000000 -0.005250 0.000023 1.000000 0.000000 -0.009598 0.000000 0.000000 1.000000 0.000000
1.000000 -0.000006 0.000000 -0.001295 0.000006 1.000000 0.000000 -0.007998 0.000000 0.000000 1.000000 0.000000
1.000000 -0.000520 0.000000 0.003274 0.000520 1.000000 0.000000 -0.006135 0.000000 0.000000 1.000000 0.000000
0.999999 -0.001024 0.000000 0.026815 0.001024 0.999999 0.000000 0.009967 0.000000 0.000000 1.000000 0.000000
0.999999 -0.001327 0.000000 0.017056 0.001327 0.999999 0.000000 0.011032 0.000000 0.000000 1.000000 0.000000
0.999998 -0.001846 0.000000 0.063082 0.001846 0.999998 0.000000 -0.014626 0.000000 0.000000 1.000000 0.000000
0.999983 -0.005846 0.000000 0.170884 0.005846 0.999983 0.000000 -0.020851 0.000000 0.000000 1.000000 0.000000
0.999936 -0.011333 0.000000 0.290050 0.011333 0.999936 0.000000 0.003989 0.000000 0.000000 1.000000 0.000000
0.999829 -0.018486 0.000000 0.448564 0.018486 0.999829 0.000000 0.035836 0.000000 0.000000 1.000000 0.000000
0.999550 -0.030008 0.000000 0.664667 0.030008 0.999550 0.000000 -0.015285 0.000000 0.000000 1.000000 0.000000
0.999143 -0.041400 0.000000 0.953800 0.041400 0.999143 0.000000 0.071746 0.000000 0.000000 1.000000 0.000000
0.998418 -0.056227 0.000000 1.283989 0.056227 0.998418 0.000000 0.032216 0.000000 0.000000 1.000000 0.000000
0.997208 -0.074677 0.000000 1.727926 0.074677 0.997208 0.000000 0.084816 0.000000 0.000000 1.000000 0.000000
0.995425 -0.095541 0.000000 2.154233 0.095541 0.995425 0.000000 0.175861 0.000000 0.000000 1.000000 0.000000
0.992939 -0.118622 0.000000 2.690184 0.118622 0.992939 0.000000 0.297172 0.000000 0.000000 1.000000 0.000000
0.989746 -0.142841 0.000000 3.258516 0.142841 0.989746 0.000000 0.412463 0.000000 0.000000 1.000000 0.000000
0.985595 -0.169122 0.000000 3.903056 0.169122 0.985595 0.000000 0.462075 0.000000 0.000000 1.000000 0.000000
0.982475 -0.186393 0.000000 4.603366 0.186393 0.982475 0.000000 0.534970 0.000000 0.000000 1.000000 0.000000
0.980376 -0.197137 0.000000 5.393251 0.197137 0.980376 0.000000 0.662481 0.000000 0.000000 1.000000 0.000000
0.980772 -0.195157 0.000000 6.201970 0.195157 0.980772 0.000000 0.815860 0.000000 0.000000 1.000000 0.000000
0.981999 -0.188888 0.000000 7.089708 0.188888 0.981999 0.000000 1.056055 0.000000 0.000000 1.000000 0.000000
0.983760 -0.179490 0.000000 8.075419 0.179490 0.983760 0.000000 1.207185 0.000000 0.000000 1.000000 0.000000
0.985670 -0.168688 0.000000 9.182265 0.168688 0.985670 0.000000 1.393147 0.000000 0.000000 1.000000 0.000000
0.988030 -0.154260 0.000000 10.189137 0.154260 0.988030 0.000000 1.474086 0.000000 0.000000 1.000000 0.000000
0.990446 -0.137901 0.000000 11.406536 0.137901 0.990446 0.000000 1.640347 0.000000 0.000000 1.000000 0.000000
0.992644 -0.121072 0.000000 12.580096 0.121072 0.992644 0.000000 1.740128 0.000000 0.000000 1.000000 0.000000
0.994978 -0.100091 0.000000 13.966399 0.100091 0.994978 0.000000 1.874633 0.000000 0.000000 1.000000 0.000000
0.996723 -0.080888 0.000000 15.149023 0.080888 0.996723 0.000000 1.889506 0.000000 0.000000 1.000000 0.000000
0.998258 -0.059004 0.000000 16.529472 0.059004 0.998258 0.000000 1.989764 0.000000 0.000000 1.000000 0.000000
0.999163 -0.040909 0.000000 17.774717 0.040909 0.999163 0.000000 2.065778 0.000000 0.000000 1.000000 0.000000
0.999561 -0.029622 0.000000 19.146577 0.029622 0.999561 0.000000 1.960903 0.000000 0.000000 1.000000 0.000000
0.999749 -0.022412 0.000000 20.399196 0.022412 0.999749 0.000000 2.046840 0.000000 0.000000 1.000000 0.000000
0.999840 -0.017861 0.000000 21.815060 0.017861 0.999840 0.000000 2.059720 0.000000 0.000000 1.000000 0.000000
0.999905 -0.013791 0.000000 23.108622 0.013791 0.999905 0.000000 2.056330 0.000000 0.000000 1.000000 0.000000
0.999969 -0.007891 0.000000 24.532362 0.007891 0.999969 0.000000 2.043734 0.000000 0.000000 1.000000 0.000000
0.999992 -0.004010 0.000000 25.809278 0.004010 0.999992 0.000000 2.069605 0.000000 0.000000 1.000000 0.000000
0.999998 0.001788 0.000000 27.310293 -0.001788 0.999998 0.000000 1.993390 0.000000 0.000000 1.000000 0.000000
0.999980 0.006397 0.000000 28.591054 -0.006397 0.999980 0.000000 1.976999 0.000000 0.000000 1.000000 0.000000
0.999925 0.012268 0.000000 30.042657 -0.012268 0.999925 0.000000 1.932316 0.000000 0.000000 1.000000 0.000000
0.999872 0.015996 0.000000 31.424604 -0.015996 0.999872 0.000000 1.920868 0.000000 0.000000 1.000000 0.000000
0.999854 0.017083 0.000000 33.030376 -0.017083 0.999854 0.000000 1.852625 0.000000 0.000000 1.000000 0.000000
0.999835 0.018155 0.000000 34.410478 -0.018155 0.999835 0.000000 1.817668 0.000000 0.000000 1.000000 0.000000
0.999829 0.018508 0.000000 36.097820 -0.018508 0.999829 0.000000 1.715320 0.000000 0.000000 1.000000 0.000000
0.999825 0.018729 0.000000 37.478118 -0.018729 0.999825 0.000000 1.744379 0.000000 0.000000 1.000000 0.000000
0.999815 0.019219 0.000000 39.316609 -0.019219 0.999815 0.000000 1.644080 0.000000 0.000000 1.000000 0.000000
0.999815 0.019218 0.000000 40.666564 -0.019218 0.999815 0.000000 1.645258 0.000000 0.000000 1.000000 0.000000
0.999846 0.017542 0.000000 42.612266 -0.017542 0.999846 0.000000 1.549309 0.000000 0.000000 1.000000 0.000000
0.999843 0.017747 0.000000 43.954361 -0.017747 0.999843 0.000000 1.529741 0.000000 0.000000 1.000000 0.000000
0.999894 0.014581 0.000000 45.980398 -0.014581 0.999894 0.000000 1.499424 0.000000 0.000000 1.000000 0.000000
0.999911 0.013353 0.000000 47.481593 -0.013353 0.999911 0.000000 1.428586 0.000000 0.000000 1.000000 0.000000
0.999953 0.009726 0.000000 49.396377 -0.009726 0.999953 0.000000 1.426134 0.000000 0.000000 1.000000 0.000000
0.999966 0.008303 0.000000 50.896898 -0.008303 0.999966 0.000000 1.379953 0.000000 0.000000 1.000000 0.000000
0.999989 0.004628 0.000000 52.742932 -0.004628 0.999989 0.000000 1.367594 0.000000 0.000000 1.000000 0.000000
0.999996 0.002967 0.000000 54.305231 -0.002967 0.999996 0.000000 1.322882 0.000000 0.000000 1.000000 0.000000
0.999999 0.001256 0.000000 56.013856 -0.001256 0.999999 0.000000 1.336571 0.000000 0.000000 1.000000 0.000000
1.000000 0.000164 0.000000 57.771312 -0.000164 1.000000 0.000000 1.268736 0.000000 0.000000 1.000000 0.000000
1.000000 0.000818 0.000000 59.509026 -0.000818 1.000000 0.000000 1.279901 0.000000 0.000000 1.000000 0.000000
0.999997 0.002607 0.000000 61.297015 -0.002607 0.999997 0.000000 1.267123 0.000000 0.000000 1.000000 0.000000
0.999986 0.005378 0.000000 63.059723 -0.005378 0.999986 0.000000 1.222440 0.000000 0.000000 1.000000 0.000000
0.999974 0.007171 0.000000 64.899204 -0.007171 0.999974 0.000000 1.198003 0.000000 0.000000 1.000000 0.000000
0.999975 0.007100 0.000000 66.596383 -0.007100 0.999975 0.000000 1.158332 0.000000 0.000000 1.000000 0.000000
0.999971 0.007571 0.000000 68.363956 -0.007571 0.999971 0.000000 1.104186 0.000000 0.000000 1.000000 0.000000
0.999970 0.007773 0.000000 70.138486 -0.007773 0.999970 0.000000 1.104594 0.000000 0.000000 1.000000 0.000000
0.999971 0.007660 0.000000 71.905575 -0.007660 0.999971 0.000000 1.002785 0.000000 0.000000 1.000000 0.000000
0.999966 0.008304 0.000000 73.634589 -0.008304 0.999966 0.000000 1.042572 0.000000 0.000000 1.000000 0.000000
0.999983 0.005767 0.000000 75.461401 -0.005767 0.999983 0.000000 0.894244 0.000000 0.000000 1.000000 0.000000
0.999990 0.004441 0.000000 77.336782 -0.004441 0.999990 0.000000 0.873166 0.000000 0.000000 1.000000 0.000000
0.999990 0.004362 0.000000 79.082814 -0.004362 0.999990 0.000000 0.867143 0.000000 0.000000 1.000000 0.000000
0.999992 0.003970 0.000000 80.820594 -0.003970 0.999992 0.000000 0.833905 0.000000 0.000000 1.000000 0.000000
0.999992 0.003963 0.000000 82.756288 -0.003963 0.999992 0.000000 0.825573 0.000000 0.000000 1.000000 0.000000
0.999973 0.007402 0.000000 84.564355 -0.007402 0.999973 0.000000 0.789981 0.000000 0.000000 1.000000 0.000000
0.999959 0.009079 0.000000 86.285816 -0.009079 0.999959 0.000000 0.672149 0.000000 0.000000 1.000000 0.000000
0.999949 0.010102 0.000000 88.005319 -0.010102 0.999949 0.000000 0.642850 0.000000 0.000000 1.000000 0.000000
0.999958 0.009168 0.000000 89.617994 -0.009168 0.999958 0.000000 0.632945 0.000000 0.000000 1.000000 0.000000
0.999977 0.006737 0.000000 91.377063 -0.006737 0.999977 0.000000 0.549757 0.000000 0.000000 1.000000 0.000000
0.999984 0.005598 0.000000 93.066238 -0.005598 0.999984 0.000000 0.516812 0.000000 0.000000 1.000000 0.000000
1.000000 0.000446 0.000000 94.834231 -0.000446 1.000000 0.000000 0.520496 0.000000 0.000000 1.000000 0.000000
0.999986 -0.005319 0.000000 96.517300 0.005319 0.999986 0.000000 0.475261 0.000000 0.000000 1.000000 0.000000
0.999948 -0.010158 0.000000 98.182823 0.010158 0.999948 0.000000 0.449624 0.000000 0.000000 1.000000 0.000000
0.999860 -0.016732 0.000000 99.819015 0.016732 0.999860 0.000000 0.474458 0.000000 0.000000 1.000000 0.000000
0.999708 -0.024169 0.000000 101.484587 0.024169 0.999708 0.000000 0.442517 0.000000 0.000000 1.000000 0.000000
0.999552 -0.029921 0.000000 103.174824 0.029921 0.999552 0.000000 0.465668 0.000000 0.000000 1.000000 0.000000
0.999429 -0.033801 0.000000 104.724646 0.033801 0.999429 0.000000 0.452932 0.000000 0.000000 1.000000 0.000000
0.999196 -0.040081 0.000000 106.355052 0.040081 0.999196 0.000000 0.553740 0.000000 0.000000 1.000000 0.000000
0.999083 -0.042810 0.000000 107.942161 0.042810 0.999083 0.000000 0.587132 0.000000 0.000000 1.000000 0.000000
0.998844 -0.048075 0.000000 109.541724 0.048075 0.998844 0.000000 0.596424 0.000000 0.000000 1.000000 0.000000
0.998617 -0.052565 0.000000 110.999695 0.052565 0.998617 0.000000 0.669530 0.000000 0.000000 1.000000 0.000000
0.998476 -0.055189 0.000000 112.597037 0.055189 0.998476 0.000000 0.703369 0.000000 0.000000 1.000000 0.000000
0.998206 -0.059875 0.000000 114.079658 0.059875 0.998206 0.000000 0.765143 0.000000 0.000000 1.000000 0.000000
0.998069 -0.062111 0.000000 115.623866 0.062111 0.998069 0.000000 0.860573 0.000000 0.000000 1.000000 0.000000
0.997987 -0.063421 0.000000 116.947503 0.063421 0.997987 0.000000 0.932448 0.000000 0.000000 1.000000 0.000000
0.997716 -0.067541 0.000000 118.623052 0.067541 0.997716 0.000000 0.974075 0.000000 0.000000 1.000000 0.000000
0.997806 -0.066207 0.000000 119.847969 0.066207 0.997806 0.000000 1.100175 0.000000 0.000000 1.000000 0.000000
0.997979 -0.063542 0.000000 121.547710 0.063542 0.997979 0.000000 1.111050 0.000000 0.000000 1.000000 0.000000
0.998306 -0.058179 0.000000 122.955903 0.058179 0.998306 0.000000 1.198982 0.000000 0.000000 1.000000 0.000000
0.998635 -0.052239 0.000000 124.497157 0.052239 0.998635 0.000000 1.193820 0.000000 0.000000 1.000000 0.000000
0.998941 -0.046006 0.000000 125.838586 0.046006 0.998941 0.000000 1.257609 0.000000 0.000000 1.000000 0.000000
0.999252 -0.038679 0.000000 127.341604 0.038679 0.999252 0.000000 1.327328 0.000000 0.000000 1.000000 0.000000
0.999449 -0.033183 0.000000 128.708883 0.033183 0.999449 0.000000 1.313063 0.000000 0.000000 1.000000 0.000000
0.999731 -0.023179 0.000000 130.217891 0.023179 0.999731 0.000000 1.411382 0.000000 0.000000 1.000000 0.000000
0.999864 -0.016471 0.000000 131.584899 0.016471 0.999864 0.000000 1.357526 0.000000 0.000000 1.000000 0.000000
0.999942 -0.010734 0.000000 133.126446 0.010734 0.999942 0.000000 1.435776 0.000000 0.000000 1.000000 0.000000
0.999972 -0.007469 0.000000 134.512708 0.007469 0.999972 0.000000 1.400982 0.000000 0.000000 1.000000 0.000000
0.999988 -0.004937 0.000000 136.129868 0.004937 0.999988 0.000000 1.398000 0.000000 0.000000 1.000000 0.000000
0.999989 -0.004727 0.000000 137.515329 0.004727 0.999989 0.000000 1.410642 0.000000 0.000000 1.000000 0.000000
0.999981 -0.006151 0.000000 139.043142 0.006151 0.999981 0.000000 1.330595 0.000000 0.000000 1.000000 0.000000
0.999983 -0.005875 0.000000 140.386709 0.005875 0.999983 0.000000 1.348919 0.000000 0.000000 1.000000 0.000000
0.999976 -0.006866 0.000000 141.961946 0.006866 0.999976 0.000000 1.270303 0.000000 0.000000 1.000000 0.000000
0.999969 -0.007895 0.000000 143.365876 0.007895 0.999969 0.000000 1.248373 0.000000 0.000000 1.000000 0.000000
0.999978 -0.006611 0.000000 144.880407 0.006611 0.999978 0.000000 1.307051 0.000000 0.000000 1.000000 0.000000
0.999968 -0.007977 0.000000 146.181827 0.007977 0.999968 0.000000 1.293636 0.000000 0.000000 1.000000 0.000000
0.999917 -0.012894 0.000000 147.719888 0.012894 0.999917 0.000000 1.189649 0.000000 0.000000 1.000000 0.000000
0.999904 -0.013877 0.000000 148.895113 0.013877 0.999904 0.000000 1.248898 0.000000 0.000000 1.000000 0.000000
0.999875 -0.015806 0.000000 150.578152 0.015806 0.999875 0.000000 1.254442 0.000000 0.000000 1.000000 0.000000
0.999884 -0.015213 0.000000 151.754544 0.015213 0.999884 0.000000 1.308775 0.000000 0.000000 1.000000 0.000000
0.999866 -0.016348 0.000000 153.384843 0.016348 0.999866 0.000000 1.352930 0.000000 0.000000 1.000000 0.000000
0.999869 -0.016197 0.000000 154.600663 0.016197 0.999869 0.000000 1.393064 0.000000 0.000000 1.000000 0.000000
0.999852 -0.017222 0.000000 156.240441 0.017222 0.999852 0.000000 1.319035 0.000000 0.000000 1.000000 0.000000
0.999857 -0.016887 0.000000 157.546789 0.016887 0.999857 0.000000 1.384155 0.000000 0.000000 1.000000 0.000000
0.999836 -0.018124 0.000000 159.274771 0.018124 0.999836 0.000000 1.315305 0.000000 0.000000 1.000000 0.000000
0.999834 -0.018242 0.000000 160.583243 0.018242 0.999834 0.000000 1.350970 0.000000 0.000000 1.000000 0.000000
0.999828 -0.018570 0.000000 162.266067 0.018570 0.999828 0.000000 1.384689 0.000000 0.000000 1.000000 0.000000
0.999804 -0.019812 0.000000 163.797149 0.019812 0.999804 0.000000 1.400584 0.000000 0.000000 1.000000 0.000000
0.999741 -0.022773 0.000000 165.441310 0.022773 0.999741 0.000000 1.432664 0.000000 0.000000 1.000000 0.000000
0.999707 -0.024195 0.000000 166.929422 0.024195 0.999707 0.000000 1.402883 0.000000 0.000000 1.000000 0.000000
0.999684 -0.025130 0.000000 168.549572 0.025130 0.999684 0.000000 1.522887 0.000000 0.000000 1.000000 0.000000
0.999620 -0.027580 0.000000 170.113469 0.027580 0.999620 0.000000 1.531276 0.000000 0.000000 1.000000 0.000000
0.999567 -0.029424 0.000000 171.798287 0.029424 0.999567 0.000000 1.517943 0.000000 0.000000 1.000000 0.000000
0.999527 -0.030741 0.000000 173.544780 0.030741 0.999527 0.000000 1.564261 0.000000 0.000000 1.000000 0.000000
0.999530 -0.030651 0.000000 175.215402 0.030651 0.999530 0.000000 1.597065 0.000000 0.000000 1.000000 0.000000
0.999492 -0.031875 0.000000 176.954052 0.031875 0.999492 0.000000 1.607249 0.000000 0.000000 1.000000 0.000000
0.999411 -0.034314 0.000000 178.658890 0.034314 0.999411 0.000000 1.692032 0.000000 0.000000 1.000000 0.000000
0.999360 -0.035775 0.000000 180.479003 0.035775 0.999360 0.000000 1.677970 0.000000 0.000000 1.000000 0.000000
0.999334 -0.036484 0.000000 182.182784 0.036484 0.999334 0.000000 1.727130 0.000000 0.000000 1.000000 0.000000
0.999241 -0.038959 0.000000 184.036991 0.038959 0.999241 0.000000 1.757805 0.000000 0.000000 1.000000 0.000000
0.999286 -0.037787 0.000000 185.822690 0.037787 0.999286 0.000000 1.852925 0.000000 0.000000 1.000000 0.000000
0.999245 -0.038843 0.000000 187.595864 0.038843 0.999245 0.000000 1.888248 0.000000 0.000000 1.000000 0.000000
0.999189 -0.040269 0.000000 189.301979 0.040269 0.999189 0.000000 1.967028 0.000000 0.000000 1.000000 0.000000
0.999177 -0.040563 0.000000 191.086949 0.040563 0.999177 0.000000 1.967157 0.000000 0.000000 1.000000 0.000000
0.999159 -0.040995 0.000000 192.808830 0.040995 0.999159 0.000000 1.987758 0.000000 0.000000 1.000000 0.000000
0.999121 -0.041926 0.000000 194.543031 0.041926 0.999121 0.000000 2.049343 0.000000 0.000000 1.000000 0.000000
0.999081 -0.042863 0.000000 196.269799 0.042863 0.999081 0.000000 2.132672 0.000000 0.000000 1.000000 0.000000
0.999013 -0.044428 0.000000 197.910722 0.044428 0.999013 0.000000 2.222111 0.000000 0.000000 1.000000 0.000000
0.998998 -0.044753 0.000000 199.534724 0.044753 0.998998 0.000000 2.305338 0.000000 0.000000 1.000000 0.000000
0.998936 -0.046126 0.000000 201.013657 0.046126 0.998936 0.000000 2.340494 0.000000 0.000000 1.000000 0.000000
0.998863 -0.047678 0.000000 202.562378 0.047678 0.998863 0.000000 2.390745 0.000000 0.000000 1.000000 0.000000
0.998717 -0.050633 0.000000 203.974581 0.050633 0.998717 0.000000 2.476202 0.000000 0.000000 1.000000 0.000000
0.998698 -0.051014 0.000000 205.555317 0.051014 0.998698 0.000000 2.533639 0.000000 0.000000 1.000000 0.000000
0.998621 -0.052506 0.000000 206.944975 0.052506 0.998621 0.000000 2.645600 0.000000 0.000000 1.000000 0.000000
0.998664 -0.051683 0.000000 208.698686 0.051683 0.998664 0.000000 2.653010 0.000000 0.000000 1.000000 0.000000
0.998795 -0.049072 0.000000 210.026110 0.049072 0.998795 0.000000 2.732983 0.000000 0.000000 1.000000 0.000000
0.998927 -0.046322 0.000000 211.775968 0.046322 0.998927 0.000000 2.778795 0.000000 0.000000 1.000000 0.000000
0.999162 -0.040937 0.000000 213.140318 0.040937 0.999162 0.000000 2.800017 0.000000 0.000000 1.000000 0.000000
0.999449 -0.033201 0.000000 214.928382 0.033201 0.999449 0.000000 2.859732 0.000000 0.000000 1.000000 0.000000
0.999654 -0.026321 0.000000 216.581943 0.026321 0.999654 0.000000 2.860876 0.000000 0.000000 1.000000 0.000000
0.999765 -0.021693 0.000000 218.254357 0.021693 0.999765 0.000000 2.836697 0.000000 0.000000 1.000000 0.000000
0.999858 -0.016866 0.000000 219.872671 0.016866 0.999858 0.000000 2.846663 0.000000 0.000000 1.000000 0.000000
0.999845 -0.017586 0.000000 221.608749 0.017586 0.999845 0.000000 2.824433 0.000000 0.000000 1.000000 0.000000
0.999717 -0.023790 0.000000 223.283544 0.023790 0.999717 0.000000 2.801254 0.000000 0.000000 1.000000 0.000000
0.999255 -0.038582 0.000000 225.174946 0.038582 0.999255 0.000000 2.858194 0.000000 0.000000 1.000000 0.000000
0.998436 -0.055913 0.000000 226.837814 0.055913 0.998436 0.000000 3.025890 0.000000 0.000000 1.000000 0.000000
0.997299 -0.073442 0.000000 228.556864 0.073442 0.997299 0.000000 3.045958 0.000000 0.000000 1.000000 0.000000
0.995526 -0.094492 0.000000 230.295083 0.094492 0.995526 0.000000 3.252396 0.000000 0.000000 1.000000 0.000000
0.994260 -0.106995 0.000000 232.002240 0.106995 0.994260 0.000000 3.397607 0.000000 0.000000 1.000000 0.000000
0.993392 -0.114774 0.000000 233.614644 0.114774 0.993392 0.000000 3.656918 0.000000 0.000000 1.000000 0.000000
0.992942 -0.118599 0.000000 235.531757 0.118599 0.992942 0.000000 3.837854 0.000000 0.000000 1.000000 0.000000
0.992271 -0.124090 0.000000 237.294080 0.124090 0.992271 0.000000 4.012184 0.000000 0.000000 1.000000 0.000000
0.991584 -0.129464 0.000000 239.105778 0.129464 0.991584 0.000000 4.230341 0.000000 0.000000 1.000000 0.000000
0.990803 -0.135312 0.000000 240.954798 0.135312 0.990803 0.000000 4.534835 0.000000 0.000000 1.000000 0.000000
0.990289 -0.139022 0.000000 242.812905 0.139022 0.990289 0.000000 4.781807 0.000000 0.000000 1.000000 0.000000
0.989923 -0.141607 0.000000 244.783069 0.141607 0.989923 0.000000 4.981790 0.000000 0.000000 1.000000 0.000000
0.989656 -0.143463 0.000000 246.662997 0.143463 0.989656 0.000000 5.299092 0.000000 0.000000 1.000000 0.000000
0.990033 -0.140836 0.000000 248.647852 0.140836 0.990033 0.000000 5.565474 0.000000 0.000000 1.000000 0.000000
0.990284 -0.139061 0.000000 250.669063 0.139061 0.990284 0.000000 5.814092 0.000000 0.000000 1.000000 0.000000
0.990461 -0.137796 0.000000 252.567606 0.137796 0.990461 0.000000 6.094942 0.000000 0.000000 1.000000 0.000000
0.990839 -0.135046 0.000000 254.593892 0.135046 0.990839 0.000000 6.351148 0.000000 0.000000 1.000000 0.000000
0.990954 -0.134202 0.000000 256.467225 0.134202 0.990954 0.000000 6.586373 0.000000 0.000000 1.000000 0.000000
0.990849 -0.134977 0.000000 258.479664 0.134977 0.990849 0.000000 6.766184 0.000000 0.000000 1.000000 0.000000
0.990876 -0.134779 0.000000 260.631590 0.134779 0.990876 0.000000 7.042115 0.000000 0.000000 1.000000 0.000000
0.991099 -0.133125 0.000000 262.560823 0.133125 0.991099 0.000000 7.265205 0.000000 0.000000 1.000000 0.000000
0.991341 -0.131315 0.000000 264.511304 0.131315 0.991341 0.000000 7.505601 0.000000 0.000000 1.000000 0.000000
0.991575 -0.129532 0.000000 266.453781 0.129532 0.991575 0.000000 7.757824 0.000000 0.000000 1.000000 0.000000
0.991547 -0.129749 0.000000 268.419188 0.129749 0.991547 0.000000 8.047471 0.000000 0.000000 1.000000 0.000000
0.991854 -0.127383 0.000000 270.407241 0.127383 0.991854 0.000000 8.321174 0.000000 0.000000 1.000000 0.000000
0.991943 -0.126686 0.000000 272.284410 0.126686 0.991943 0.000000 8.502659 0.000000 0.000000 1.000000 0.000000
0.991809 -0.127730 0.000000 274.270947 0.127730 0.991809 0.000000 8.727635 0.000000 0.000000 1.000000 0.000000
0.991539 -0.129812 0.000000 276.170972 0.129812 0.991539 0.000000 8.894385 0.000000 0.000000 1.000000 0.000000
0.991388 -0.130961 0.000000 278.093681 0.130961 0.991388 0.000000 9.171996 0.000000 0.000000 1.000000 0.000000
0.991419 -0.130722 0.000000 280.022018 0.130722 0.991419 0.000000 9.371221 0.000000 0.000000 1.000000 0.000000
0.991414 -0.130761 0.000000 282.023172 0.130761 0.991414 0.000000 9.614569 0.000000 0.000000 1.000000 0.000000
0.991481 -0.130249 0.000000 283.949579 0.130249 0.991481 0.000000 9.833899 0.000000 0.000000 1.000000 0.000000
0.991530 -0.129879 0.000000 285.960950 0.129879 0.991530 0.000000 10.072586 0.000000 0.000000 1.000000 0.000000
0.991507 -0.130052 0.000000 287.973666 0.130052 0.991507 0.000000 10.326383 0.000000 0.000000 1.000000 0.000000
0.991631 -0.129106 0.000000 290.009709 0.129106 0.991631 0.000000 10.539743 0.000000 0.000000 1.000000 0.000000
0.991839 -0.127499 0.000000 292.043100 0.127499 0.991839 0.000000 10.767567 0.000000 0.000000 1.000000 0.000000
0.991831 -0.127557 0.000000 294.120480 0.127557 0.991831 0.000000 11.005331 0.000000 0.000000 1.000000 0.000000
0.991933 -0.126763 0.000000 296.187257 0.126763 0.991933 0.000000 11.257548 0.000000 0.000000 1.000000 0.000000
0.992367 -0.123321 0.000000 298.420405 0.123321 0.992367 0.000000 11.462120 0.000000 0.000000 1.000000 0.000000
0.992621 -0.121257 0.000000 300.405735 0.121257 0.992621 0.000000 11.688252 0.000000 0.000000 1.000000 0.000000
0.992831 -0.119526 0.000000 302.556254 0.119526 0.992831 0.000000 11.911983 0.000000 0.000000 1.000000 0.000000
0.993239 -0.116088 0.000000 304.739351 0.116088 0.993239 0.000000 12.121804 0.000000 0.000000 1.000000 0.000000
0.993707 -0.112014 0.000000 306.901266 0.112014 0.993707 0.000000 12.324690 0.000000 0.000000 1.000000 0.000000
0.994034 -0.109070 0.000000 309.067587 0.109070 0.994034 0.000000 12.545139 0.000000 0.000000 1.000000 0.000000
0.994384 -0.105829 0.000000 311.269000 0.105829 0.994384 0.000000 12.802161 0.000000 0.000000 1.000000 0.000000
0.994698 -0.102839 0.000000 313.413818 0.102839 0.994698 0.000000 12.977493 0.000000 0.000000 1.000000 0.000000
0.995037 -0.099501 0.000000 315.476557 0.099501 0.995037 0.000000 13.165640 0.000000 0.000000 1.000000 0.000000
0.995322 -0.096612 0.000000 317.636616 0.096612 0.995322 0.000000 13.358050 0.000000 0.000000 1.000000 0.000000
0.995546 -0.094282 0.000000 319.869039 0.094282 0.995546 0.000000 13.499980 0.000000 0.000000 1.000000 0.000000
0.995736 -0.092253 0.000000 322.016917 0.092253 0.995736 0.000000 13.659050 0.000000 0.000000 1.000000 0.000000
0.995801 -0.091542 0.000000 324.081260 0.091542 0.995801 0.000000 13.819009 0.000000 0.000000 1.000000 0.000000
0.995892 -0.090544 0.000000 326.250727 0.090544 0.995892 0.000000 13.963969 0.000000 0.000000 1.000000 0.000000
0.996053 -0.088764 0.000000 328.442099 0.088764 0.996053 0.000000 14.120759 0.000000 0.000000 1.000000 0.000000
0.996331 -0.085587 0.000000 330.677783 0.085587 0.996331 0.000000 14.321624 0.000000 0.000000 1.000000 0.000000
0.996432 -0.084396 0.000000 332.863130 0.084396 0.996432 0.000000 14.542623 0.000000 0.000000 1.000000 0.000000
0.996360 -0.085246 0.000000 335.055076 0.085246 0.996360 0.000000 14.670591 0.000000 0.000000 1.000000 0.000000
0.996501 -0.083577 0.000000 337.207644 0.083577 0.996501 0.000000 14.801587 0.000000 0.000000 1.000000 0.000000
0.996466 -0.083997 0.000000 339.419364 0.083997 0.996466 0.000000 14.931191 0.000000 0.000000 1.000000 0.000000
0.996432 -0.084398 0.000000 341.598490 0.084398 0.996432 0.000000 15.094998 0.000000 0.000000 1.000000 0.000000
0.996378 -0.085036 0.000000 343.771808 0.085036 0.996378 0.000000 15.237880 0.000000 0.000000 1.000000 0.000000
0.996448 -0.084215 0.000000 346.034636 0.084215 0.996448 0.000000 15.333239 0.000000 0.000000 1.000000 0.000000
0.996637 -0.081940 0.000000 348.177315 0.081940 0.996637 0.000000 15.510174 0.000000 0.000000 1.000000 0.000000
0.996951 -0.078028 0.000000 350.400335 0.078028 0.996951 0.000000 15.675016 0.000000 0.000000 1.000000 0.000000
0.997450 -0.071369 0.000000 352.503855 0.071369 0.997450 0.000000 15.853636 0.000000 0.000000 1.000000 0.000000
0.998189 -0.060151 0.000000 354.699324 0.060151 0.998189 0.000000 15.934645 0.000000 0.000000 1.000000 0.000000
0.998801 -0.048957 0.000000 356.832308 0.048957 0.998801 0.000000 16.033396 0.000000 0.000000 1.000000 0.000000
0.999497 -0.031725 0.000000 358.984340 0.031725 0.999497 0.000000 16.127275 0.000000 0.000000 1.000000 0.000000
0.999907 -0.013670 0.000000 361.169466 0.013670 0.999907 0.000000 16.044591 0.000000 0.000000 1.000000 0.000000
0.999986 0.005223 0.000000 363.348600 -0.005223 0.999986 0.000000 16.047178 0.000000 0.000000 1.000000 0.000000
0.999758 0.022001 0.000000 365.573206 -0.022001 0.999758 0.000000 15.975353 0.000000 0.000000 1.000000 0.000000
0.999275 0.038078 0.000000 367.666373 -0.038078 0.999275 0.000000 15.805166 0.000000 0.000000 1.000000 0.000000
0.998670 0.051556 0.000000 369.904423 -0.051556 0.998670 0.000000 15.682712 0.000000 0.000000 1.000000 0.000000
0.997943 0.064106 0.000000 372.023052 -0.064106 0.997943 0.000000 15.546228 0.000000 0.000000 1.000000 0.000000
0.997537 0.070143 0.000000 374.255729 -0.070143 0.997537 0.000000 15.335956 0.000000 0.000000 1.000000 0.000000
0.997223 0.074467 0.000000 376.420363 -0.074467 0.997223 0.000000 15.163238 0.000000 0.000000 1.000000 0.000000
0.997577 0.069572 0.000000 378.580315 -0.069572 0.997577 0.000000 14.919750 0.000000 0.000000 1.000000 0.000000
0.997942 0.064120 0.000000 380.774176 -0.064120 0.997942 0.000000 14.780996 0.000000 0.000000 1.000000 0.000000
0.998351 0.057412 0.000000 382.928156 -0.057412 0.998351 0.000000 14.632379 0.000000 0.000000 1.000000 0.000000
0.998815 0.048662 0.000000 385.099933 -0.048662 0.998815 0.000000 14.463115 0.000000 0.000000 1.000000 0.000000
0.999201 0.039976 0.000000 387.217633 -0.039976 0.999201 0.000000 14.384173 0.000000 0.000000 1.000000 0.000000
0.999520 0.030988 0.000000 389.540181 -0.030988 0.999520 0.000000 14.299108 0.000000 0.000000 1.000000 0.000000
0.999790 0.020483 0.000000 391.734920 -0.020483 0.999790 0.000000 14.252060 0.000000 0.000000 1.000000 0.000000
0.999903 0.013918 0.000000 393.907024 -0.013918 0.999903 0.000000 14.145500 0.000000 0.000000 1.000000 0.000000
0.999984 0.005618 0.000000 396.168045 -0.005618 0.999984 0.000000 14.169106 0.000000 0.000000 1.000000 0.000000
1.000000 -0.000776 0.000000 398.350105 0.000776 1.000000 0.000000 14.158606 0.000000 0.000000 1.000000 0.000000
0.999987 -0.005131 0.000000 400.615195 0.005131 0.999987 0.000000 14.097612 0.000000 0.000000 1.000000 0.000000
0.999963 -0.008641 0.000000 402.791482 0.008641 0.999963 0.000000 14.063342 0.000000 0.000000 1.000000 0.000000
0.999914 -0.013084 0.000000 405.030775 0.013084 0.999914 0.000000 14.090417 0.000000 0.000000 1.000000 0.000000
0.999875 -0.015814 0.000000 407.248242 0.015814 0.999875 0.000000 14.147141 0.000000 0.000000 1.000000 0.000000
0.999803 -0.019863 0.000000 409.460830 0.019863 0.999803 0.000000 14.112581 0.000000 0.000000 1.000000 0.000000
0.999760 -0.021910 0.000000 411.723402 0.021910 0.999760 0.000000 14.189156 0.000000 0.000000 1.000000 0.000000
0.999722 -0.023586 0.000000 413.946530 0.023586 0.999722 0.000000 14.190607 0.000000 0.000000 1.000000 0.000000
0.999662 -0.025989 0.000000 416.185174 0.025989 0.999662 0.000000 14.211994 0.000000 0.000000 1.000000 0.000000
0.999617 -0.027687 0.000000 418.386844 0.027687 0.999617 0.000000 14.269934 0.000000 0.000000 1.000000 0.000000
0.999541 -0.030310 0.000000 420.682511 0.030310 0.999541 0.000000 14.265665 0.000000 0.000000 1.000000 0.000000
0.999478 -0.032320 0.000000 422.954930 0.032320 0.999478 0.000000 14.318948 0.000000 0.000000 1.000000 0.000000
